1.278008e-10
2.344075e-10
1.256479e-09
2.051171e-11
2.78388e-10
3.590735e-10
1.165954e-10
1.527648e-10
1.990876e-10
3.907286e-10
7.328704e-12
7.040738e-12
1.502986e-10
9.247414e-14
6.287526e-11
5.585966e-10
5.652883e-10
2.168315e-09
8.729338e-10
4.223433e-11
2.090583e-10
1.395186e-11
8.268667e-10
6.733482e-12
1.045789e-10
2.709241e-10
7.284518e-11
1.936516e-10
1.416077e-10
1.821072e-10
1.176418e-09
7.999513e-10
5.126211e-10
1.390107e-09
5.396305e-11
5.812176e-10
1.066995e-09
1.108984e-10
1.571119e-10
8.857322e-11
1.038003e-10
6.358035e-11
1.945801e-11
1.876493e-09
1.167789e-10
2.053855e-12
7.866602e-11
3.107735e-11
1.793166e-10
1.871783e-10
1.956121e-12
8.8206e-10
3.911328e-09
2.259724e-09
4.958576e-10
2.515812e-09
1.34056e-11
3.882381e-10
3.073836e-09
4.270757e-10
1.538708e-09
2.081035e-11
9.045574e-11
1.431625e-09
8.674109e-11
2.2663e-10
1.075754e-09
8.895631e-11
6.46893e-12
6.530138e-11
1.172063e-10
5.827378e-10
3.477751e-13
1.09902e-10
4.957314e-10
5.699626e-10
1.331929e-09
2.639923e-09
7.519995e-10
8.034746e-10
5.162674e-10
1.528033e-10
8.089481e-10
4.721382e-10
1.567402e-11
2.597652e-11
2.113034e-10
2.138033e-10
8.83501e-10
5.163006e-11
1.47271e-10
9.356993e-12
1.53053e-10
6.221636e-10
5.412722e-10
4.085072e-11
3.681365e-10
1.548044e-09
2.397617e-10
2.034462e-10
1.116776e-09
3.518714e-10
2.628136e-10
2.212321e-10
5.15369e-10
5.365485e-10
9.525333e-11
3.008932e-10
1.052817e-10
5.526141e-11
6.979614e-12
1.684502e-10
2.2679e-09
3.116996e-10
7.600246e-10
4.278151e-10
1.46773e-10
4.605771e-10
1.705025e-10
5.695497e-10
9.098232e-10
1.973729e-10
7.292688e-10
2.12e-10
1.007337e-10
6.779309e-10
3.799871e-12
4.125126e-11
2.931948e-09
1.191167e-10
1.042429e-09
3.581921e-10
3.402455e-10
2.588749e-10
6.549532e-11
2.377388e-10
4.913421e-11
8.876299e-11
8.004735e-10
1.373368e-10
7.086993e-11
4.281598e-10
1.977398e-09
1.425303e-09
1.110799e-09
4.086077e-10
1.233528e-11
5.579989e-10
2.130089e-11
4.119719e-11
4.28781e-10
2.551477e-10
3.357935e-10
1.856631e-11
1.113584e-09
1.370566e-10
6.6675e-10
5.475005e-10
2.916967e-11
6.33419e-11
2.160426e-10
1.917941e-09
5.774775e-10
4.321051e-11
1.412705e-10
6.545361e-12
6.154435e-10
1.777797e-09
8.182099e-11
1.957386e-09
2.984234e-10
1.489091e-11
1.216907e-09
1.53247e-11
1.791917e-11
3.341286e-10
7.239275e-11
2.270667e-12
8.586223e-10
3.416386e-10
2.364091e-12
1.478178e-10
5.046592e-10
1.29331e-09
1.075108e-09
1.993638e-10
4.000397e-10
2.817723e-10
2.187244e-10
3.122646e-10
3.135871e-11
3.247937e-10
6.970004e-10
3.176068e-14
1.500865e-09
1.045817e-09
6.810689e-11
2.407691e-09
8.158576e-10
2.570896e-10
