ATxG2G ATxnG2G TTxG2G TTxnG2G
-0.475013391625715 -0.606975266045991 0.574503755174132 0.507484902497576
0.742218692622777 0.585445609765325 -0.346260812729394 -0.981403489658708
0.359273038852044 0.911106907520254 -0.877743669316621 -0.392636277055678
0.46929788258142 0.467458776508591 -0.521365594331084 -0.415391064758927
0.228749567011864 0.962688698848041 -0.829700783592725 -0.361737482267183
0.315588418533318 1.02103785139626 -0.816708844062293 -0.519917425867285
0.0359227836278178 0.852151809044292 -0.741386793639926 -0.146687799032183
0.426534772572123 1.10954117667359 -0.808070793798327 -0.728005155447389
-0.510925115199188 -0.66917798182106 0.555290431432717 0.62481266558753
-0.777596874265114 -0.908859184634495 0.653764729944045 1.03269132895557
0.389890527329656 0.93975771641847 -0.775556670757302 -0.554091572990819
0.306622482251515 1.04570953298485 -1.00385214474103 -0.348479870495336
-0.780987434523522 -0.571372377587522 0.497862807673765 0.85449700443728
0.27065416763112 0.939852203744467 -0.735508846357195 -0.47499752501839
0.0878565668921986 0.808276842276618 -0.613334251676709 -0.282799157492108
-0.495003915612126 -0.847287249925001 0.849792727433073 0.492498438104054
0.702501652274267 0.327858168752396 -0.0973598692201254 -0.932999951806537
1.07657700389701 0.578607134063357 -0.812133794489981 -0.843050343470381
0.511124905843379 1.01931895762562 -1.04395117544042 -0.486492688028582
0.609588562384154 0.534875014091389 -0.644002125909979 -0.500461450565564
0.298008943424405 0.727019189187864 -0.678052451371515 -0.346975681240754
0.186412062020976 0.925510853951407 -0.621491448582375 -0.490431467390006
0.416821122691855 0.761749620459645 -0.710140050876777 -0.468430692274725
0.349631630906631 -0.459935394091973 0.568659731236498 -0.458355968051159
0.261021455411349 1.07213928692408 -0.880224042692078 -0.452936699643352
0.747667200600178 0.641221647551773 -0.598765899271994 -0.790122948879956
-0.526419977754737 -0.487569731921525 0.479100039778361 0.534889669897901
-0.204662342096701 -0.933809842957069 0.515475380862315 0.622996804191455
0.211352580395995 0.915262228682851 -0.729165420933222 -0.397449388145625
0.969425752284408 0.138283490148401 -0.153226875058458 -0.954482367374352
-0.794217205787131 -0.879843429181985 0.704410360211458 0.96965027475766
-0.425907455406624 -0.554810098789472 0.478164672018819 0.502552882177277
0.420977051631023 0.852595896260315 -0.84269781720512 -0.430875130686219
-0.53101853308483 -0.5676698132188 0.547238719793121 0.551449626510509
0.534835720339231 0.847147186865851 -0.720260206674825 -0.661722700530259
0.437179010489532 1.03552213547103 -1.00560412511191 -0.467097020848646
0.451333341796317 0.805294317785025 -0.582803256910356 -0.67382440267099
0.664114687912762 0.168229147110174 -0.220208407509964 -0.612135427512972
-0.560384471632588 -1.00806870072014 0.981976043194181 0.586477129158551
0.653544273846917 0.678471960901554 -0.558505616272027 -0.773510618476444
0.42762725689003 0.942995661526326 -0.853151755281483 -0.517471163134873
0.659131739762423 -0.330033672822937 0.331904884589839 -0.661002951529325
0.289845075620574 0.98038241090402 -1.02320635363076 -0.247021132893833
0.81015306158555 0.404988984851943 -0.425602841369995 -0.789539205067498
-0.513521760970939 -0.601790589188265 0.578051357285848 0.537260992873356
0.482668824386274 1.05610578478646 -0.941978454440932 -0.596796154731806
-0.616229660685044 -0.712030404222756 1.02116725947534 0.307092805432465
0.47337783570396 0.488125985319079 -0.308894027480973 -0.652609793542067
-0.707441454355544 -0.630097985349491 0.534510763150349 0.803028676554686
0.842068106545643 0.529778239177202 -0.17606807189522 -1.19577827382762
0.485734388854734 0.165869287926383 -0.417877669369207 -0.23372600741191
-0.553276123116795 -0.757255937257483 0.893907114539886 0.416624945834392
1.0179161793547 0.178252217841864 -0.254729832433059 -0.941438564763502
0.796665754484057 -0.18697203549519 0.132190904220469 -0.741884623209336
0.92106442159989 -0.0413125766383469 0.11814854172858 -0.99790038669012
-0.0666025423676676 0.965751629024037 -0.646554940680376 -0.252594145975994
-0.606596842643167 -0.782273193632705 0.694435018137937 0.694435018137937
0.580697292707018 0.856901299190839 -0.724595277836894 -0.713003314060962
-0.648357980014125 -0.832600540926612 0.751841691998879 0.729116828941857
-0.402478083068789 -0.659363358545819 0.696728094610422 0.365113347004187
0.587406083282371 0.70056034345577 -0.654659781700762 -0.633306645037379
-0.696434628328126 -0.411379344756483 0.442112395844625 0.665701577239985
0.23772950158475 0.953799067137252 -0.856509803126891 -0.335018765595111
0.680297489063104 0.568295833978562 -0.575648422145488 -0.672944900896177
-0.549747055452096 -0.441832001396888 0.2799660914555 0.711612965393483
0.670232442217409 0.755994708962444 -0.567513827987755 -0.858713323192094
0.535057004965405 0.861024603478945 -1.09453773491654 -0.301543873527809
0.328276355314949 0.940211642394867 -1.05474915497388 -0.213738842735935
-0.753403430115876 -0.724833492894343 0.515013952147377 0.963222970862844
-0.825823017117586 -0.465611864276857 0.647294348716202 0.644140532678243
1.0958760302069 0.422575277845013 -0.427655164360948 -1.09079614369097
0.928345117406333 0.120069855485149 -0.141607742195423 -0.906807230696058
-0.554080390696616 -0.919194572659524 0.802651068824671 0.670623894531471
1.02729556401065 0.525256385051139 -0.590688736686579 -0.961863212375215
0.430639990983484 0.716603648812966 -0.409265503245725 -0.737978136550724
0.638644860607402 0.506649007783536 -0.264600864385651 -0.880693004005287
0.539578721374401 0.51232434669666 -0.560564553159678 -0.491338514911381
1.02420582430427 0.23208234941706 -0.349150686250529 -0.907137487470802
0.3882934089434 0.91213345247925 -0.706113011588919 -0.594313849833735
0.741125205254879 0.549340846150586 -0.495316526685221 -0.795149524720244
-0.758527506483236 -0.382036543382109 0.265114889063891 0.87544916080146
0.685495000640175 0.720203863133902 -0.741443970379366 -0.664254893394711
0.311625319651216 0.786970081749119 -0.340669737082339 -0.757925664317997
0.631593996751242 0.784113538361803 -0.707853767556522 -0.707853767556522
-0.731565599550435 -0.262272601996165 0.871838405492862 0.121999796053739
0.235034797497911 0.973435183968079 -0.862704052869103 -0.345765928596886
0.247224481385107 0.809717523681921 -0.891782467682161 -0.165159537384865
0.335670409058473 1.03945118310332 -0.860800575420044 -0.514321016741748
0.956606319820556 0.676981717159221 -0.527952761303667 -1.10563527567611
-0.280090567873615 -1.01864005257114 0.762734261469616 0.535996358975145
0.089396120954298 1.03224657715629 -0.679914510752559 -0.441728187358024
0.823957455269267 0.0350983133902874 -0.472070294508301 -0.386985474151253
0.875943839583674 0.69424393867452 -0.751044072729945 -0.81914370552825
0.644025998827962 0.338929516183542 -0.166280024163034 -0.816675490848469
0.72167497086646 0.471399784239947 -0.301876883117653 -0.891197871988756
-0.221116191389623 -0.967792881869236 0.663348574168869 0.525560499089989
0.680862814854188 0.294714728705807 -0.0753761028032544 -0.900201440756742
0.412376400980535 0.551937224337714 -0.581069255227973 -0.383244370090275
0.503002301397215 0.840128793350998 -0.528774963484968 -0.814356131263249
0.292028048441448 0.948716505196921 -0.738881838126331 -0.501862715512039
0.0290971412594157 -0.682037679270005 1.03297880522468 -0.380038267214088
0.955725963227191 0.484932136868507 -0.635764475485226 -0.804893624610473
0.875452675699486 0.631415380262417 -0.681918138884394 -0.824949917077507
0.704293790398956 0.410230957935575 -0.446188371583515 -0.668336376751019
-0.553707885652932 -0.741225641685439 0.464532716578403 0.830400810759972
-0.617217351764647 -0.589453876288259 0.566670252554237 0.640000975498671
-0.354921249576754 -0.724415346828463 0.716219728908958 0.363116867496261
0.321037355303017 0.926540069460185 -0.783425058626088 -0.464152366137111
0.376122244313075 0.699262535932959 -0.219413208231714 -0.85597157201432
0.309594923514262 1.10988442296432 -0.900192072254175 -0.519287274224411
0.76876502947608 0.257762628042129 -0.365345041764086 -0.661182615754126
0.630945223633909 0.916012323020578 -0.442221535958417 -1.10473601069607
0.472423381198277 0.701472786484897 -0.255241889512163 -0.918654278171011
0.0520491251670969 -0.987348387013073 0.790783645382642 0.144515616463335
0.446913755662393 1.17590788391022 -1.07825787622841 -0.544563763344212
-0.485212659458427 -0.837977860173003 0.666540474879815 0.656650044751614
0.500251436849073 0.86658690262002 -0.687483555110113 -0.679354784358981
0.686532469942286 0.799785796938441 -0.717671262058203 -0.768647004822522
-0.113548187069352 -0.733617753998895 0.731864900268071 0.115301040800174
0.780830904481104 0.062639972401847 0.190933110039612 -1.03440398692256
-0.456259352755303 -0.812758643406509 0.731373544521367 0.537644451640448
0.654137908971337 0.531994483345898 -0.742286265110637 -0.443846127206598
-0.750810530520761 -0.640462160694322 0.437483309118061 0.953789382097021
-0.878027364772142 -0.738920972667493 1.00463276872557 0.612315568714067
0.897267618672378 0.681492313632585 -0.791337309690618 -0.787422622614344
0.762159387295949 0.474057038203712 -0.529729219756342 -0.706487205743319
-0.552259196085203 -0.545304878051977 0.78848185413176 0.30908222000542
0.404600199569471 0.72663844035671 -0.476920203643506 -0.654318436282673
0.756960621211471 0.466062487819175 -0.536827788922944 -0.686195320107703
0.443080273440367 0.845081883201948 -0.723341509291241 -0.564820647351077
0.563214112062607 0.822223091235681 -0.494079196529641 -0.891358006768646
1.03572074733459 0.292548300909781 -0.382523257982578 -0.945745790261793
0.685801053929159 0.685053232910776 -0.557013897768243 -0.813840389071693
0.501385681282625 0.862000075956182 -0.719638876950267 -0.64374688028854
0.340005331177777 0.917892975554589 -0.843644397550457 -0.414253909181912
0.258233888247549 0.948324677069812 -0.846793159533185 -0.359765405784173
-0.983543085089071 -0.864331622904331 0.865399871333078 0.982474836660324
0.38127079943743 0.880257235648046 -0.985214442189226 -0.27631359289625
0.463563862832378 0.774192495861865 -0.491225258267562 -0.74653110042668
0.363895814012544 0.889020897190848 -0.90050232586071 -0.352414385342681
-0.763000668298559 -0.724660745502444 0.75472136742936 0.732940046371642
-0.926030811146475 -0.460161468079045 0.678458684579255 0.707733594646267
-0.396384309112901 -0.57238455495007 0.350396399402338 0.618372464660633
0.1575381717154 1.01485189385128 -0.86738058663592 -0.305009478930759
0.449362424621764 0.833468524552659 -0.878489592462332 -0.404341356712092
0.548339063308367 0.765273207619229 -0.779906156887827 -0.533706114039771
0.440213051446045 0.912084137019753 -0.990413306520786 -0.361883881945014
0.337807405100506 0.964647825563727 -0.981890118720208 -0.320565111944026
0.250471974819412 0.801580305152825 -0.715218752408666 -0.336833527563572
0.651745477233345 0.341484576475812 -0.32143140858279 -0.67179864512637
-0.324270780537446 -0.599754652025464 0.785761095058253 0.138264337504656
-0.346081043872419 -0.881501777290689 0.943872507529298 0.283710313633811
0.342056885263222 0.961673895722383 -1.04825898900608 -0.255471791979522
0.624948951067181 0.831654128558435 -0.953844682966797 -0.502758396658817
0.638833253794533 0.517507881227542 -0.57499448895421 -0.581346646067865
-0.474791903517055 -0.474791903517055 0.462934571762542 0.48664923527157
0.387632651615206 0.832205410047902 -0.646465542088072 -0.573372519575034
0.568467234577995 0.89716549957922 -0.793275959802883 -0.67235677435433
-0.347586197649715 -0.674419600943318 0.558933826375446 0.463071972217587
0.617079801205952 0.736679133227341 -0.537193513711458 -0.816565420721833
-0.402934561413756 -0.8697375305854 0.452485818419149 0.820186273580008
0.87310618958016 0.500779892044099 -0.577044043925384 -0.796842037698876
0.522300415748174 0.723316116756316 -0.825001800294957 -0.420614732209533
0.456130746362 0.809785753651255 -1.03247286003996 -0.233443639973295
0.435529551668445 0.830309878352169 -1.02101805788117 -0.244821372139447
1.13862833100593 0.000954578288512284 -0.174839028472078 -0.964743880822364
0.980677603801839 -0.0464882624659926 -0.138668915389358 -0.795520425946487
0.222195198327057 0.943886843781473 -0.741670537234884 -0.424411504873647
0.668070666412513 0.662070561879473 -0.665070614145993 -0.665070614145993
-0.0996035008812289 -0.679601114030973 0.562558757456953 0.21664585745525
0.455381350245549 0.951322832988924 -0.652053379970196 -0.754650803264273
0.959507705191225 0.722898841335173 -0.704688258758313 -0.977718287768085
0.268903206114101 0.880568705256903 -0.682670632399418 -0.466801278971587
-0.601549194799499 -0.717768372993099 0.723214815185995 0.596102752606603
-0.450940503860697 -0.699999373919334 0.599135106892618 0.551804770887411
0.702622944753956 0.702905223506973 -0.74003864155236 -0.66548952670857
0.628342566075618 0.843569600590058 -0.794642335227258 -0.677269831438418
-0.421602645874698 -0.865414716457954 1.00938692631332 0.277630436019333
-0.520830760010828 -0.495028840905528 0.531270434258132 0.484589166658224
0.302479697393334 0.775831042352349 -0.427923596675842 -0.65038714306984
0.291145800351415 0.888338772538181 -0.599008357953826 -0.580476214935768
1.07727737782737 -0.149970400848817 -0.131084945272296 -0.796222031706252
0.0982919282225637 -0.774850126343777 0.846566788806297 -0.170008590685082
0.625706323007157 0.674890476137189 -0.46169349267987 -0.838903306464477
0.428400192657752 0.918003210182624 -0.902014304908138 -0.444389097932237
0.627752831898284 0.524346572964429 -0.575264831937949 -0.576834572924764
0.476586329817996 0.906461203202766 -0.972238611654669 -0.410808921366093
0.960046417393892 0.734774973497014 -0.65631565336334 -1.03850573752757
-0.454447489919508 -0.685356555464438 0.685827624342043 0.453976421041904
-0.297261831104745 -0.834548859576531 0.789553337722851 0.342257352958425
0.822353757562376 0.588332970618843 -0.61726809658685 -0.79341863159437
0.575811942131705 0.683034537361202 -0.73774332621584 -0.521103153277066
0.390666642956736 0.931993570523858 -0.882843315976173 -0.439816897504419
1.06691765713404 0.440602836249364 -0.608321996762182 -0.89919849662122
0.233975472650296 1.04248368123038 -0.935186142759708 -0.341273011120972
0.654821945017178 0.70111746444207 -0.653690363448648 -0.7022490460106
0.385002581393308 0.88096577579199 -0.62043930934061 -0.645529047844687
-0.571555311434949 -0.892253863986743 0.70664121395885 0.757167961462843
-0.850183950152292 -0.480063481719649 0.329403190102277 1.00084424176966
0.683375091002128 0.324925350440547 -0.264876943103301 -0.743423498339373
0.227665667667475 1.005522449939 -0.851128467315284 -0.38205965029119
0.369343413870136 0.978252994390048 -0.99680016799066 -0.350796240269524
0.436149567647923 0.641063495364363 -0.655567928081382 -0.421645134930906
0.25112351517999 0.928972918838307 -0.660795545229939 -0.519300888788358
0.685568506810551 -0.324640395665294 0.180582576402193 -0.54151068754745
0.163001534496645 0.75496110887175 -0.412114086475161 -0.505848556893232
0.724577384583368 0.512962421422642 -0.612219793188642 -0.625320012817367
0.60975765963127 0.50304418030051 -0.302755596364323 -0.810046243567455
-0.564185863344363 -0.565369699695332 0.4918356518463 0.637719911193395
-0.608984730757975 -0.357917138640315 0.681566365438055 0.285335503960234
0.537466788428465 0.639772977777444 -0.392607489826743 -0.784632276379167
0.371226915717831 0.883946488079628 -1.02096619148647 -0.234207212310985
0.380774506864794 0.914414760196828 -1.01605970547769 -0.279129561583936
-0.90176233571478 -0.740434019772666 0.841259679047301 0.800936676440146
-0.680368964395784 -0.554439722215466 0.562134499658951 0.672674186952301
1.10808165036162 -0.0577624956956454 -0.159619050593422 -0.890700104072552
0.66846338488199 0.69065167767274 -0.505770437391973 -0.853344625162754
0.684558312796116 0.907431313569574 -0.807100338872818 -0.784889287492874
0.397875886906568 0.866084889434644 -0.775177194163667 -0.488783582177544
0.621480713928451 0.633227389979386 -0.692245039268909 -0.562463064638925
0.66001890040802 0.798006854353497 -0.861796276501654 -0.596229478259865
0.673109317339285 0.967797073044858 -0.846130741963556 -0.79477564842059
-0.261524511610497 -0.868724944007999 0.927681405541168 0.202568050077328
-0.370058854711406 -0.596348326964203 0.513025936081542 0.453381245594069
0.77044715651707 0.852709905113936 -0.777483895190245 -0.845673166440761
0.326188733604141 1.00106618063267 -0.993044919588078 -0.334209994648733
0.399387503119868 0.819065371139319 -0.942427528800026 -0.276025345459162
-0.420205199521442 -0.5967609797869 0.57073577116785 0.446230408140491
0.827917263866973 -0.07381219329743 -0.0742578823001138 -0.67984718826943
0.301671087835043 0.949714464216399 -0.88359531520908 -0.367790236842362
0.617242213265602 0.706863602061376 -0.618488627486421 -0.705617187840555
0.105232607994361 -0.943639526426914 0.827504340217303 0.0109025782152479
0.476878912459172 -0.509880542576277 0.423040913708453 -0.390039283591349
-0.302312902768552 -1.00509904040933 1.04574843381295 0.261663509364935
0.542220073860016 -0.471541485176156 0.27412742470313 -0.344806013386986
0.910217037161796 0.441550331698955 -0.474296040892535 -0.877471327968212
0.691673759974835 0.439308707544419 -0.365520021567755 -0.765462445951496
0.383529914134247 0.962093632337774 -0.834478626750259 -0.51114491972176
0.588634430841952 0.824465294778624 -0.631828343921645 -0.78127138169893
0.202554725066363 0.870709236880344 -0.749460253960705 -0.323803707986001
0.881344945341346 -0.584802154310489 0.322348972883171 -0.618891763914026
0.280829228017412 0.790645723224926 -0.528838978456725 -0.542635972785615
-1.11875646148612 -0.52146018483773 0.778996463277919 0.86122018304593
0.387071840175018 0.88530734208738 -0.713677104989921 -0.558702077272479
0.126557276530512 0.996132643712764 -0.797678805930793 -0.325011114312484
0.219439588699931 1.01273017763501 -0.828628435768695 -0.403541330566248
0.495583760854718 0.945548397511602 -0.370856751374261 -1.07027540699206
-0.726354657051004 -0.625276049634735 0.67867298608016 0.672957720605575
0.701117954384418 0.721100899834312 -0.737412192685871 -0.684806661532859
0.654091902220361 0.854602250242174 -0.499333602104149 -1.00936055035838
-0.624929182507812 -0.741209585718869 0.710082292281469 0.656056475945216
1.00393236802015 0.35098938509034 -0.532726574668658 -0.822195178441833
0.907594701652297 0.816246754989322 -0.921355952378324 -0.802485504263295
0.488167539009698 0.999655803359831 -0.967025774059545 -0.520797568309987
0.529739694938227 0.853326053059786 -0.456944569763092 -0.92612117823492
0.905336681392846 0.635160784142934 -0.434153338349384 -1.1063441271864
1.02516467366223 -0.232742708133583 -0.0730345710531769 -0.719387394475467
-0.566417391592708 -0.964804230616481 1.00881382259649 0.522407799612695
0.313306399759647 1.0558597686126 -0.928530773558741 -0.440635394813509
0.317728052652833 0.83326574073458 -0.810440160648603 -0.34055363273881
-0.633062164879821 -0.338955974762196 0.242971582220151 0.729046557421863
0.308344857803751 0.985807472376719 -1.01844696973378 -0.275705360446687
0.561167654920566 0.438922244936328 -0.174507097010196 -0.825582802846698
0.745770739247556 0.297595948124595 -0.328212952614646 -0.715153734757506
0.953416196626584 0.507014731005183 -0.564478421576647 -0.895952506055119
0.372600587424796 -0.890637719819241 0.728748370484292 -0.210711238089846
-0.619357832129766 -0.520575449247337 0.420563020881753 0.71937026049535
0.386973732132921 0.941021901123528 -0.706527602283725 -0.621468030972725
0.747249628724185 0.721891391936894 -0.734570510330539 -0.734570510330539
0.352763571700251 0.960795085256531 -0.818651012952852 -0.494907644003929
-0.422864561067852 -0.588660381768519 0.295442914448739 0.716082028387632
0.300735925243932 0.957740102861009 -0.936638331393473 -0.321837696711469
0.0771406666600041 1.06421200451976 -0.749238775866462 -0.392113895313303
-0.716572986487047 -0.528665943374554 0.45376140717902 0.79147752268258
-0.42605578555976 -0.54560741273021 0.751750230744069 0.219912967545902
-0.736745773299063 -0.41663851502535 0.357769550297458 0.795614738026953
0.335271972368748 1.02169113021772 -1.02237602891295 -0.334587073673517
-0.369250845004821 -1.02284535452689 0.803217021096003 0.588879178435714
0.732484601286951 -0.422541827023297 0.274153493503241 -0.584096267766893
0.392455986323229 0.878442560599439 -0.933793191338103 -0.337105355584565
0.407698594028386 0.984344201687479 -0.832907461719449 -0.559135333996416
-0.740451881250875 -0.638057608238496 0.751204559720568 0.627304929768803
0.389700137489329 0.8466508771064 -0.871995311526344 -0.364355703069383
-0.484524666040803 -0.476963160224394 0.450054150572729 0.511433675692469
0.49064078464702 0.580708171899392 -0.471327031675528 -0.600021924870883
0.339798243583543 0.847495515772754 -0.855499881793502 -0.331793877562795
0.4072664779499 1.00953327319113 -0.894258259892442 -0.522541491248587
0.352696570875701 0.957247928051745 -0.904334771595491 -0.405609727331958
0.125543473990682 0.883015824009498 -0.869798612826713 -0.138760685173466
0.25718106786091 0.873963620001962 -1.02027050803679 -0.110874179826082
0.566872454837773 0.807671233187586 -1.04490232798805 -0.32964136003731
0.398296640344954 0.93227389788984 -0.966613372483689 -0.363957165751103
-0.351230246253594 -0.645908165075223 0.558656321072396 0.438482090256424
0.869581606878164 0.394772670846184 -0.496487986780508 -0.767866290943842
0.491081909185079 0.869627589259574 -1.0847202094117 -0.275989289032954
0.252483585849551 0.760513808529136 -0.767518545050883 -0.245478849327804
0.131928157251199 0.987542796576439 -0.80353659237968 -0.315934361447958
0.520700038038524 0.747660005353649 -0.785411161952351 -0.482948881439823
0.320876997417331 0.661114418894865 -0.639236134172284 -0.342755282139911
0.856391932816811 0.3201976520761 -0.391102202220785 -0.785487382672125
-0.394807215315801 -0.674363169556427 0.669048060695755 0.400122324176475
0.576527512269988 0.750863734743657 -0.852425171320585 -0.474966075693059
-0.557148736397751 -0.444986271134707 0.399608632924342 0.602526374608117
0.364157096902626 1.00088733735463 -1.05721502961545 -0.307829404641804
0.482448720268592 0.890392134203572 -1.05096543851164 -0.321875415960522
-0.680547646012956 -0.639285217021127 0.632806189050095 0.687026673983991
0.382745852826154 1.07573980567931 -1.09079230326102 -0.367693355244445
0.561914837909823 0.696604958368527 -0.239895770703519 -1.01862402557483
-0.532749706865161 -0.951924248652073 1.11408535214032 0.370588603376907
-0.504474615606257 -0.90738661245484 0.727004342671585 0.684856885389515
-0.559886675073633 -0.695933462619292 0.691364986988045 0.564455150704881
-0.83282378045273 -0.494176788649807 0.610563244728419 0.716437324374117
0.256901505020041 0.850051841968032 -0.841374002796588 -0.265579344191485
0.22534434412248 0.930618420281045 -1.00312521821783 -0.152837546185696
-0.639104561704834 -0.577944677730323 0.636270032142078 0.580779207293079
0.350370565338231 0.966202708014653 -0.732363902574978 -0.584209370777904
-0.518780821206647 -0.710770085096433 0.596960793220282 0.632590113082798
0.277030730983599 0.885044275351664 -0.729736463733703 -0.432338542601562
0.713098028345878 0.447588274717449 -0.26513755321537 -0.895548749847956
0.512797367514775 0.956633091726913 -0.734715229620844 -0.734715229620844
0.97005696080372 0.194756374555 -0.483237060872354 -0.681576274486366
0.34123688782755 0.895795972218867 -0.962845501787604 -0.274187358258812
0.645204412447355 0.439186605006631 -0.562477501468409 -0.521913515985575
0.642915556422682 0.702003423741465 -0.476722348723145 -0.868196631441002
-0.969372219933169 -0.565074664651958 0.768611605771046 0.765835278814079
0.370211533934153 0.887295608589695 -0.763729122095781 -0.493778020428069
0.442624696692723 0.957212820707511 -0.769305809232489 -0.630531708167747
0.402046356278502 0.648321986718293 -0.7210703578281 -0.329297985168695
0.445172001965664 0.908803860783093 -0.839728477478601 -0.514247385270157
0.512033864197285 0.759338177381389 -0.924781287143829 -0.346590754434845
0.608729966244623 0.573217092224495 -0.545713481776049 -0.63623357669307
0.321730084322019 0.986093919338393 -0.981323753480438 -0.326500250179974
0.389795306490401 0.658739456064188 -0.518099196784245 -0.530435565770346
0.356260301229579 0.907281684882303 -0.881985729851945 -0.381556256259936
0.4358806474642 0.622154170280984 -0.694614534813093 -0.363420282932092
0.819412388675007 0.726904593124514 -0.615329162774005 -0.930987819025515
1.22118592984217 0.273289174779474 -0.329149162432828 -1.16532594218882
0.242291460847767 0.846699088076514 -0.769170713881023 -0.31981983504326
0.272645508000079 0.958095346533216 -0.971014191843203 -0.259726662690091
0.394238972342711 0.894784342816918 -0.891146660483794 -0.397876654675833
0.739070357563945 0.637333076829118 -0.519667917377508 -0.856735517015556
-0.309022524499605 -0.73508809011272 0.623607240135745 0.420503374476582
0.589772662855365 0.786839579584103 -0.619876017206285 -0.756736225233184
0.845082653700494 0.679445365818199 -0.529079629055154 -0.995448390463539
0.479651635157171 0.864772634520884 -0.911949200883576 -0.43247506879448
-0.502643882338442 -0.437085333196527 0.54342444328978 0.396304772245189
0.396597307893779 0.894331340369247 -0.808958420022317 -0.481970228240709
-0.489826831219158 -0.4666707959147 0.197533079506767 0.758964547627091
0.429097312860878 0.892231141622396 -0.876358071806569 -0.444970382676709
0.426412986491179 0.862004958688855 -1.0055280723086 -0.282889872871434
0.409516452534356 0.829350199447178 -1.00361115988201 -0.235255492099529
-0.769864720703237 -0.879770704925677 0.766541035142818 0.883094390486096
0.440617592473203 0.846904282887385 -0.765462444915144 -0.522059430445444
0.351990661584993 0.920922689104855 -0.786385858866324 -0.486527491823523
0.441838239739544 0.849086404033234 -0.985441784786615 -0.305482858986165
-0.598300977919131 -0.874106093848913 0.948200919155296 0.524206152612748
0.929752648902163 0.484437482771013 -0.597677434937624 -0.816512696735551
0.370597254969691 0.894076786328113 -0.923951294792723 -0.340722746505081
0.354947084510616 0.892576002783486 -0.964695294244645 -0.282827793049457
-0.159660816330219 -0.781046916958701 0.72044439887098 0.220263334417938
0.54798032187134 0.671491916598715 -0.411636638305461 -0.807835600164593
0.392755734523457 0.901103810356907 -0.759330527875314 -0.53452901700505
1.06582476244215 0.543988655051464 -0.465361874286209 -1.1444515432074
0.960542006515645 0.576223274044578 -0.88210826096424 -0.654657019595982
0.957518688556222 0.732742140483885 -0.832630930161531 -0.857629898878573
0.470248459214359 0.854982185982954 -0.725374288235289 -0.599856356962025
0.630374400903476 0.619143075829465 -0.598915783346193 -0.650601693386749
-0.804565737449787 -0.566074611978867 0.593971363642841 0.776668985785815
0.582120320628419 0.74044386141398 -0.300778646975963 -1.02178553506643
0.292721064800722 1.08177247517327 -0.880904967620185 -0.493588572353801
0.452493542002914 0.94602300516915 -0.995746970568152 -0.402769576603913
0.406501785870744 1.03949752939725 -0.992007622776702 -0.453991692491295
0.969949299944665 0.460803691583544 -0.78926469229722 -0.641488299230992
0.305531568284281 0.864305882021103 -0.817969488305398 -0.351867961999984
-0.707022775604118 -0.813818393365742 0.659759225121774 0.861081943848085
0.869228620740563 -0.193399700307649 0.156947667046705 -0.832776587479619
-0.626526024232453 -0.59423359550166 0.591974284423413 0.628785335310702
0.034002882956968 1.01691798496934 -0.975228383808277 -0.075692484118035
0.472831544174361 0.748782117904772 -0.755835808722056 -0.465777853357078
0.285276949922852 1.00467224538695 -0.829748193171252 -0.460201002138549
-0.802184130690881 -0.53593325839757 0.636496096041176 0.701621293047276
0.340673433829321 0.906396028137889 -1.06398829166188 -0.18308117030533
-0.733478959657629 -0.753073908987165 0.652909568540807 0.833643300103987
0.592329639253492 0.746815993973868 -0.795192791162695 -0.543952842064665
-0.724749407417162 -0.809289315168426 0.712934831501951 0.821103891083637
-0.391546269177909 -0.788314533551836 0.580023553003765 0.599837249725983
0.586413941882486 0.754713026428044 -0.661928257667196 -0.679198710643335
1.07217285865504 0.314429133593115 -0.491594671065446 -0.895007321182703
0.704662177336609 0.92893942133815 -0.77164307108113 -0.861958527593629
-0.729698235287372 -0.480799582580801 0.971286050893127 0.239211766975046
0.186928061904868 0.987065099812789 -0.816011400485522 -0.357981761232137
0.883966589802231 -0.379149835512437 -0.0775516061858677 -0.427265148103927
0.304652586138122 0.946688715489154 -0.722815692667875 -0.528525608959399
0.550451519118573 0.62851232034731 -0.632499909468798 -0.546463929997089
0.445564878064236 0.633883895147903 -0.543603444666116 -0.535845328546023
0.925937669267537 0.341710966845524 -0.499099636408383 -0.768548999704673
0.667191753508012 0.304674135641346 -0.331532914310454 -0.640332974838903
0.52350112062863 0.589338629174162 -0.341702836483046 -0.771136913319744
-0.505493265203715 -1.12877612557957 1.02975601723925 0.604513373544045
0.282023493676235 0.83427900700842 -0.897852748062607 -0.218449752622048
0.311714268165982 0.712608285379831 -0.623364716246685 -0.400957837299125
0.294166212895234 0.986183913571116 -0.926764571282317 -0.353585555184032
0.149276160159301 1.02515260310808 -0.925202961040032 -0.249225802227351
-0.841461418327218 -0.586124754490284 0.502028451479023 0.92555772133848
-0.539825381228629 -0.814908779853498 0.65399530708702 0.700738853995107
0.347792383152016 0.600454913052999 -0.458414500421187 -0.489832795783828
0.914578434436575 0.490450764911699 -0.526273421233254 -0.87875577811502
-0.305004434695624 -0.932527360941668 0.666233036408912 0.57129875922838
-0.73539950916541 -0.533241811389783 0.574922810157912 0.693718510397281
0.429419359686076 1.02496569985634 -0.879065733843836 -0.575319325698575
1.10295185363669 0.156350552893643 -0.470868358150491 -0.788434048379838
0.619157434295781 0.776864064412242 -0.659576620002062 -0.736444878705959
0.319370057478463 1.13768620914231 -0.980297728205509 -0.47675853841526
-0.369918518307599 -0.725563150768262 0.594403513804489 0.501078155271373
0.651210538119507 0.479039168682973 -0.280352847378273 -0.849896859424207
-0.750477466966278 -0.648240264981048 0.554647881570889 0.844069850376438
0.783706159136105 0.327699717629767 -0.259199995600199 -0.852205881165675
0.782059436091762 -0.436547338819224 0.418592288583087 -0.764104385855626
0.94021243513343 -0.13892768903707 0.136762016650009 -0.938046762746367
-0.637598791363628 -0.757081795239014 0.802020894795185 0.592659691807459
0.755132119029945 0.446432702322423 -0.262061987642378 -0.939502833709992
0.475680004802926 0.822381807557925 -1.01091156695253 -0.287150245408317
-0.336651759912739 -1.13849712070382 1.11593878074419 0.359210099872364
-0.818985182123638 -0.37723675895461 0.96497509498847 0.231246846089777
1.11287404911088 0.531246858059043 -0.598850385880189 -1.04527052128974
0.516396637366392 0.531682755811364 -0.459775608911575 -0.58830378426618
0.363800231401345 0.595749923059709 -0.182384614543931 -0.777165539917123
0.174434601125059 0.743756936983673 -0.569939533676057 -0.348252004432674
-0.572615122614031 -0.659504614175467 0.587507123891945 0.644612612897552
-0.553587830943764 -0.586975643506568 0.700151641827133 0.4404118326232
-0.832846041626872 -0.947085947447719 0.92894516271872 0.850986826355869
0.422889627515766 0.983253427716191 -1.04929238392494 -0.356850671307013
0.692118486228076 0.725034539662539 -0.635627842375538 -0.781525183515078
0.496782318500626 0.918845249808603 -0.906061876398207 -0.509565691911023
0.783204454520073 0.799810168629781 -0.787207409272204 -0.795807213877651
0.125904787740619 0.885281674451992 -0.905622782319067 -0.105563679873545
-0.329655001352622 -0.750690717098713 0.683362497859936 0.396983220591398
0.622651948936986 0.841024912682202 -0.757010569642805 -0.70666629197638
0.935164571924792 0.737633473913948 -0.90852078675296 -0.764277259085778
-0.60718468300193 -0.746289015229744 0.757564523916761 0.595909174314912
0.52981130029912 0.793331557655656 -0.439655641824174 -0.883487216130603
-0.342440900946518 -0.998914431209575 0.791866934840895 0.549488397315196
0.271653203606131 0.985585523708181 -0.988540163295327 -0.268698564018984
0.327570506605472 0.836218576244539 -0.588476326932662 -0.575312755917349
0.661302564528239 0.769606271953101 -0.740036923243964 -0.690871913237376
0.406249888779597 0.790778474162519 -0.982799741124605 -0.214228621817511
0.579133205428983 0.710981553548423 -0.49440237888864 -0.795712380088767
0.467507090508629 0.861561903122884 -0.75015378230907 -0.578915211322443
0.20713631622646 0.943005070438777 -0.827457469250075 -0.322683917415163
0.718615264451135 -0.661508841500174 0.468150628042134 -0.525257050993097
0.176396543916952 0.919549436557292 -0.612704905074478 -0.483241075399767
-0.347173123991965 -0.829629414523888 0.625703209100899 0.551099329414953
-0.547524926841584 -0.877880807785845 0.826980024195926 0.598425710431503
0.509784513491885 0.508940769704801 -0.271383268590527 -0.747342014606161
0.188876653384225 1.12446143381757 -1.04757494757288 -0.26576313962891
0.151158850017425 0.774807967445277 -0.949147943607795 0.0231811261450938
0.217777596347864 1.03982500276719 -0.662401310403915 -0.595201288711136
-0.547715890173751 -0.99801425111202 0.868491365225176 0.677238776060592
-0.668202936193959 -0.464189870665324 0.364306278482296 0.768086528376988
0.748115406405645 0.593134291713542 -0.458744822953113 -0.882504875166073
-0.863517093572175 -0.451312752366911 0.559679907394803 0.755149938544285
0.627935686416357 0.381444181834446 -0.407964854313335 -0.601415013937469
-0.165222888239665 -0.937641409960489 0.855294388891676 0.247569909308477
-0.309685029314977 -0.689317580435732 0.449547392142442 0.549455217608265
-0.580379889929857 -0.751740649128723 0.983892605100665 0.348227933957914
0.469998643638136 0.863434477954365 -0.873806771285817 -0.459626350306683
0.572113699972857 0.774286309533005 -0.608969266231427 -0.737430743274433
0.325747977024821 1.03898184134206 -1.09756188992186 -0.267167928445021
0.6745205143871 -0.500340755115296 0.41356832324979 -0.587748082521596
-0.753260183190062 -0.566327492595822 0.601735879980259 0.717851795805623
0.624921626519971 0.85508928148795 -0.801750404609103 -0.678260503398818
0.936666027581124 0.53073421145941 -0.629377494445691 -0.838022744594846
-0.507310257917758 -0.695358588855624 0.755292405186405 0.447376441586977
0.800624592574228 0.100539593450105 -0.109174669685525 -0.791989516338807
0.308498757927855 0.925558257417291 -0.771879837511518 -0.462177177833628
0.66850633552304 0.694915486517361 -0.891967343729427 -0.471454478310975
0.308261739621896 0.922501668125333 -0.810863137155859 -0.419900270591369
0.400346476411993 0.95543822311352 -0.978496248820158 -0.377288450705354
0.397176937185486 0.621091215595392 -0.507553495291715 -0.510714657489163
0.530043269931855 0.624522289935246 -0.52328009970299 -0.63128546016411
0.626676427692043 0.55562953152352 -0.637887641578697 -0.544418317636865
-0.213562209370926 -0.622618502512512 0.543754360561054 0.292426351322383
0.474208445918466 0.970987004010489 -0.622470380704842 -0.822725069224114
-0.646610942326089 -0.550100949954509 0.637582393725929 0.559129498554665
-0.658798942925711 -0.789660366605693 0.806662602806696 0.641796706724708
0.33224786567521 -0.407540023081856 0.502994870514199 -0.427702713107552
0.331005344382406 1.06494348892789 -1.03271154058188 -0.363237292728423
1.04875509876055 -0.336781075493861 0.0215027357634743 -0.733476759030167
0.296858571261843 0.924230346083655 -0.785080955048149 -0.436007962297348
-0.691008359170785 -0.709754596146377 0.754763374880082 0.645999580437079
0.29422911624229 0.810557707648024 -0.817168559321416 -0.287618264568899
0.593453241871319 0.897815262211255 -0.829208152585003 -0.662060351497572
0.243318703755178 1.1224352608434 -0.756120246116845 -0.609633718481732
0.422595724539793 0.965463941701908 -0.887916764327788 -0.500142901913914
0.147114652626198 0.98926401196715 -0.857353416848086 -0.279025247745261
1.07254195925485 0.358793980300965 -0.501113899498169 -0.930222040057648
0.823644255711602 0.620969306152361 -0.818578616837438 -0.626034945026525
0.501784320405185 0.571099796202938 -0.428785291313896 -0.644098825294227
0.723037939245616 0.789192999095349 -0.708489934526701 -0.803741003814263
0.52349323440002 0.865456875470764 -0.858875535246371 -0.530074574624412
0.372019227224255 0.877653265495075 -0.555018198382758 -0.694654294336571
0.806659377633479 0.600548342740253 -0.644003439191952 -0.76320428118178
-0.191493214678316 -0.900604612177306 0.790804057010682 0.301293769844939
0.635065620044445 0.412987835741441 -0.610678018562874 -0.437375437223013
0.289364914903488 1.04474890834603 -0.729159354284015 -0.604954468965507
-0.562682090035159 -0.611627273533697 0.394977004144964 0.779332359423892
0.538020427201427 0.785882772364187 -0.545182590933958 -0.778720608631658
0.254510208860556 0.904977829175952 -0.664839433317865 -0.494648604718643
0.542440443644337 0.952202709038175 -0.73611396209092 -0.758529190591593
0.178824120428209 0.841656601360568 -0.762155378888773 -0.258325342900005
-0.75543446558061 -0.634281659609066 0.571089481607778 0.818626643581899
0.490344544993019 0.547293651397319 -0.206869162555233 -0.830769033835106
-0.570155339356924 -0.665765932826212 0.988339342416814 0.247581929766319
0.439274057278997 0.854221697605057 -0.397532601387642 -0.895963153496412
0.669836764430301 0.648716786828432 -0.592933343438458 -0.725620207820276
0.656723329974611 0.878964998667236 -0.748444236939514 -0.787244091702332
-0.676019052556464 -0.683858284063279 0.67532534201626 0.684551994603486
0.0817906953209467 0.860283922674616 -0.529485508433248 -0.412589109562314
-0.935755003532558 -0.574434207984343 0.660699367394341 0.849489844122559
0.845612153910268 0.315447960055933 -0.40312488157293 -0.757935232393272
0.216084665978557 0.979783235520384 -0.934648069897321 -0.261219831601619
1.116391141478 0.224985833017551 -0.294724563270116 -1.04665241122544
0.563992338858494 0.600808215643631 -0.395762481454301 -0.769038073047826
-0.898248075671001 -0.68490423190588 0.66836220620818 0.914790101368697
0.515261541754392 0.515261541754392 -0.591843206084884 -0.438679877423901
-0.43925288127878 -0.699602137050791 0.727418128626567 0.411436889703004
0.550467739317647 0.542355440049673 -0.627268466806289 -0.465554712561032
0.718269743644051 0.365421402356835 -0.119714203488884 -0.963976942512002
0.826153114303325 0.391570890715173 -0.72848124328283 -0.489242761735669
0.877818202035747 0.461795643320395 -0.586089428572793 -0.75352441678335
0.349846321357485 0.699979615257557 -0.510148594981162 -0.539677341633878
0.660663192923323 0.671002553183569 -0.613037144331871 -0.718628601775025
0.534883623633607 0.464522155708989 -0.474464498279465 -0.524941281063132
0.666331640784562 0.615513576547644 -0.642542855696815 -0.639302361635397
0.817401996500687 0.309706930102135 -0.665719496995127 -0.461389429607695
0.673890941954287 0.766210605060103 -0.469970815443107 -0.970130731571276
0.836677435896607 0.583824473004366 -0.64439014052423 -0.776111768376745
0.513227769306012 0.651105762938081 -0.707749742360401 -0.456583789883695
0.372087948218879 0.656894003026944 -0.643999635931312 -0.384982315314511
0.488633570341268 0.909763877107821 -0.712302171189054 -0.686095276260036
-0.777471448308619 -0.673610190755301 0.551469756847583 0.899611882216334
-0.592166108483316 -0.53277287489492 0.443378205710013 0.681560777668224
-0.0763609116953895 0.908895490286605 -0.788124292757869 -0.0444102858333467
0.657610076506796 0.576208957263574 -0.733153812944144 -0.500665220826229
-0.613403731723416 0.303111057596267 -0.214436155396837 0.524728829523985
0.275798990847109 0.896150948484301 -0.795476272928348 -0.376473666403061
0.395815001475977 0.969196955629941 -0.948535708086527 -0.416476249019391
-0.542425304607462 -0.592324627804573 0.527101748738058 0.607648183673979
0.829325302999291 -0.476188212692394 0.445071598422753 -0.798208688729648
0.27582498135361 1.04722159185094 -0.885484770968921 -0.437561802235628
0.469503644836965 0.702998747797764 -0.668474298507675 -0.504028094127056
-0.416308019388741 -0.606514013142911 0.678306076903714 0.344515955627938
1.09521445988338 0.312013913949973 -0.289509664850003 -1.11771870898335
1.08717206797001 0.2645414303056 -0.297945989526568 -1.05376750874904
0.970146495050392 0.479783687335129 -0.484505026083952 -0.965425156301569
0.158382997099335 0.976542538102439 -0.705761850314339 -0.429163684887435
0.484052399216439 0.823727737609424 -0.700134634681726 -0.607645502144135
0.395819251496054 0.849556560067601 -0.908353550692047 -0.337022260871601
0.486453777478184 0.95871695575366 -0.883824812741946 -0.561345920489897
0.40231096694206 0.957395044508239 -0.902624878419915 -0.457081133030386
0.327148859119787 1.03140203316939 -0.98676864857119 -0.371782243717985
0.341840892420459 1.06692359282552 -0.95088460364038 -0.457879881605602
0.794187416201639 0.402577049481877 -0.648995113236813 -0.547769352446703
1.07046855725321 0.522141391394221 -0.526230526710295 -1.06637942193713
1.0537631149132 0.562157405501493 -0.804895292940637 -0.811025227474059
-0.83114803908719 -0.323880770610771 0.674909981930356 0.480118827767604
0.382604091281175 0.749318306654558 -0.667751389747944 -0.46417100818779
0.558248773891989 0.061665601425751 0.0944137676729446 -0.714328142990684
-0.615462395173765 -0.787208068046915 0.656420777608521 0.746249685612161
-0.399542160255642 -0.618019884446344 0.733262789019325 0.284299255682661
0.289969344385263 0.544988057560637 -0.41747870097295 -0.41747870097295
0.677772684931583 0.457442608478566 -0.281996766201731 -0.853218527208418
0.502552616311468 0.394897290955973 -0.468865106144982 -0.428584801122457
0.695514683584176 0.504252256057828 -0.600478964006196 -0.599287975635806
0.633445808900889 0.83524100432751 -0.682756016072386 -0.785930797156013
0.464589033176088 0.877337504517761 -0.893962950100004 -0.447963587593845
-0.813931405308336 -0.843702039191678 0.799843990030726 0.85778945446929
0.560523814101723 0.879719873185622 -0.703745267714448 -0.736498419572897
-0.384792977376679 0.210397458813707 -0.186369570990548 0.36076508955352
1.0986653821935 0.219003665190177 -0.411967777971061 -0.905701269412615
0.565429825557509 0.533409082154134 -0.533509709296217 -0.565329198415429
0.839724643133485 0.671303887078085 -0.608451047197952 -0.902577483013616
0.535073505191593 0.786654286571173 -0.77840166415572 -0.543326127607046
0.678767183597906 0.704180183457931 -0.782950882173417 -0.599996484882419
0.501666927319372 0.57391052287865 -0.536053248744895 -0.539524201453127
0.193747892044709 0.838574264455531 -0.604090724786498 -0.42823143171374
0.521549029071327 0.908887802966696 -0.739998165287258 -0.690438666750766
-0.636372737444718 -0.591296403406166 0.564166060751469 0.663503080099414
0.490015684664493 0.906983659065982 -0.695966574612825 -0.701032769117649
0.275320571882799 0.974217529809242 -1.03735208870295 -0.212186012989096
-0.777795040443434 -0.248841351595087 0.247612404606259 0.779023987432262
0.967189023445095 0.252356265708391 -0.366148673231715 -0.853396615921767
0.86483089204527 0.53516072922446 -0.201417947894762 -1.19857367337497
0.712574058640636 0.225140848199421 -0.220759867557387 -0.716955039282671
0.393307212779101 0.856563315705699 -0.923339743675461 -0.326530784809338
0.46900230068469 0.63319393823026 -0.760714109991974 -0.341482128922974
-0.718723543046741 -0.818961315657503 0.852066922903393 0.68561793580085
0.310999338370171 0.865387646493332 -0.882253590704619 -0.294133394158884
0.485209444895631 0.841052682327899 -0.754687124648813 -0.571575002574716
0.470775117664446 0.862098268986783 -0.902385311495501 -0.430488075155729
0.637284164320933 0.842027651732655 -0.981742489250932 -0.497569326802656
-0.521123188807096 -0.738040019439155 0.84278745249073 0.416375755755521
0.83971398924228 0.306047456033276 -0.470763186668111 -0.674998258607446
0.680251430545964 0.596188830456052 -0.598306418633144 -0.678133842368871
-0.141791414833142 -0.897348038836495 0.79080779458482 0.248331659084818
1.00635496198791 0.374962065061145 -0.593146383042533 -0.788170644006523
-0.292333804791128 -1.00400977032821 1.09369068901222 0.20265288610711
0.255203811936996 1.03078183667908 -0.954188456330616 -0.331797192285462
0.357576313597982 0.977982453143774 -0.852536923558361 -0.483021843183395
0.646974585691392 0.806947590215705 -0.851367795222094 -0.602554380685002
0.673992268713565 0.604211674297012 -0.483470988993873 -0.794732954016702
0.695709554670798 0.638840208600039 -0.735333827862183 -0.599215935408654
0.529403539350216 0.734445096417789 -0.780575119778115 -0.483273515989889
-0.523376359501538 -0.852337430007092 0.813570925885986 0.562142863622644
0.894435630338161 -0.193405421629656 0.114005759616911 -0.815035968325417
0.832084954617339 0.623422213788796 -0.681998631563439 -0.773508536842698
0.85022621820935 0.121483566501206 -0.250377633219347 -0.721332151491209
0.419463364164111 0.243028752841233 -0.243028752841233 -0.419463364164111
-0.609343352518665 -0.545791610466147 0.311538498084044 0.843596464900768
0.888946072867084 0.180750229161918 -0.54094386505059 -0.528752436978409
-0.58016154259395 -0.535109876180911 0.581808565548113 0.533462853226748
-0.60229684438462 0.428842852386413 -0.368248133323743 0.541702125321949
0.740574586498884 0.0228008190482434 0.0228361113878285 -0.786211516934954
-0.477359052494852 -0.817785759652334 0.568842202016998 0.726302610130192
0.540840716568584 0.412255687561989 -0.45314500322742 -0.499951400903154
0.897015423481845 0.100354719858599 -0.0500875793369559 -0.947282564003488
0.480775386834853 0.863921282464205 -0.887308215776017 -0.45738845352304
-0.615072295063027 -0.349726231374942 0.500842166442163 0.463956359995806
0.566733605722493 0.691798131960231 -0.692971763075699 -0.565559974607024
-0.835855571461331 -0.746918074908714 0.630392992463074 0.952380653906972
0.545037701820089 0.713435831387322 -0.944770201451738 -0.313703331755672
0.513430873190964 0.91984024381229 -0.989314684828454 -0.443956432174799
1.01207527842852 0.664161700562009 -0.721959221677131 -0.954277757313401
0.739476190217201 1.01828589640372 -0.908543527330635 -0.849218559290284
0.490924519212023 0.816351828326576 -0.77089630269364 -0.53638004484496
0.722515142561269 0.8295194641979 -0.631157845384189 -0.920876761374981
-0.699350559376134 -0.908321595980611 0.891344357022406 0.716327798334338
0.805213881193164 0.232218726006275 -0.256049172869019 -0.78138343433042
0.387162668974819 0.842010375426483 -0.816362870788868 -0.412810173612435
0.583469130258718 0.853312370883197 -0.62718664343961 -0.809594857702307
-0.659058599954346 -0.9528582857665 0.814596568381426 0.79732031733942
0.577945636625976 0.741510008951038 -0.453356402767569 -0.866099242809447
0.651460390514118 0.643626600966128 -0.456637782022273 -0.838449209457972
-0.61973319191668 -0.409769710216342 0.422634629332137 0.606868272800883
0.65924109255945 0.763151499446697 -0.75561773401355 -0.666774857992598
-0.88394159921621 -0.456298727087772 0.477106720754975 0.863133605549005
1.07370693786789 0.108412334809776 -0.60931799021854 -0.572801282459123
0.833966937073029 0.488373748624359 -0.538103027319506 -0.784237658377882
0.660459894347422 0.896207727972228 -0.922555642695439 -0.634111979624213
0.847937046166491 0.214971796119802 -0.426586689415334 -0.636322152870959
-0.545297548589219 -0.578532721124268 0.495604007693862 0.628226262019626
0.799406507463283 0.094639033699124 -0.0905643948997668 -0.80348114626264
-0.517078974135165 -0.510044891914337 0.515890325069433 0.511233540980068
0.405183890116549 0.939279045013788 -0.862191860087929 -0.482271075042407
0.598505270947396 0.462074817528471 -0.413675343936007 -0.646904744539859
0.3097080045649 0.764800785034169 -0.641652729134468 -0.432856060464601
0.95132697347094 0.433114916078364 -0.391348333006467 -0.993093556542834
0.61161417842624 0.990518639696947 -0.710443798694183 -0.891689019429004
-0.554722888943468 -0.608078882560237 0.503233281552067 0.659568489951637
0.960949932274241 0.651560737163329 -0.92368250357381 -0.688828165863759
0.962884550751454 0.483610550115348 -0.77238139487513 -0.674113705991675
-0.431705184763628 -0.953733128723934 0.90511942342287 0.480318890064694
0.731616406944727 0.963651431854173 -0.935439327997878 -0.75982851080102
0.625280452076517 0.376213775929412 -0.237793807596763 -0.763700420409165
-0.67496763910734 -0.448843284717323 0.758246556885646 0.365564366939017
0.909832294862152 0.549951324964417 -0.586024766406902 -0.873758853419669
0.392770284972933 0.873955082849616 -1.01467057871317 -0.25205478910938
0.115167623819588 0.871008562285425 -0.790413518807341 -0.195762667297672
-0.143166573329409 -0.761441507740969 0.620383677684089 0.284224403386288
0.168464372819631 0.959543780110999 -0.864334560614196 -0.263673592316434
0.991438363501175 0.0356485353203904 -0.213386874866211 -0.813700023955354
0.660084334510707 0.338374120863644 -0.12054863631203 -0.877909819062321
-0.581042510767369 -0.453368870950372 0.642110470664199 0.392300911053539
0.550487107602487 0.761594348126539 -0.92667024608114 -0.385411209647887
0.42621753863973 0.55585124034285 -0.627231362643254 -0.354837416339325
-0.191460105008297 -0.805817176410849 0.3654466746329 0.631830606786246
-0.357545135854486 -0.701886270684387 0.64154453583396 0.417886870704913
0.50695743643288 0.874587420293769 -0.621623676796458 -0.759921179930192
0.966233511701504 0.556795394439438 -0.761514453070471 -0.761514453070471
0.437921573619042 0.598535815741699 -0.496983813544575 -0.539473575816168
-0.535085571936932 -0.897392628704503 0.814706013841045 0.61777218680039
0.464963749089726 0.802145626189974 -0.63228508738 -0.634824287899699
0.342930300496005 0.883264000894691 -1.00827475274821 -0.217919548642481
0.509830027792257 0.944954159073103 -0.897037235313179 -0.55774695155218
0.246913833905796 0.894895762361802 -0.845677503636224 -0.296132092631375
0.964772345060184 0.362444764744578 -0.289424280392268 -1.0377928294125
0.247525071600886 0.952066117091018 -0.84025763530655 -0.359333553385354
0.414748776431684 0.87910919572801 -0.705023353204485 -0.588834618955208
0.360812167808461 0.86655180715496 -1.0846010412385 -0.142762933724922
-0.730893013178664 -0.795578008815811 0.82575501003365 0.700716011960825
-0.518741836797091 -0.815289099823965 0.52343944006833 0.810591496552727
0.580537028989432 0.843908856187624 -0.812026389510961 -0.612419495666093
0.368892610704281 0.867251402478112 -1.03335217948812 -0.202791833694272
0.441531206080242 0.778503982199066 -0.784630501889442 -0.435404686389864
0.216863247766685 1.02798267980135 -0.985278432657267 -0.259567494910768
-0.529109320384112 -0.581369124515012 0.599403918995906 0.511074525903212
0.927397850236083 0.46428265507529 -0.592228769312749 -0.799451735998624
-0.319123545857748 -0.743744933144699 0.644482688942072 0.418385790060377
0.667522729075711 0.576139096106725 -0.559285591729717 -0.684376233452719
-0.507975878850566 -0.617403510448812 0.471450099212593 0.653929290086785
0.0591800681167552 -0.494740582977147 0.667185077490257 -0.231624562629865
0.579858336324591 0.42245212668129 -0.264135984746016 -0.738174478259865
0.271230664993035 0.803669497147113 -0.477344545417088 -0.59755561672306
0.209433033538806 0.943705694034308 -0.839363330505277 -0.313775397067837
1.04808856038868 0.321130348949293 -0.619581841976144 -0.749637067361829
0.295502980847187 0.788661920655674 -0.623901415198337 -0.460263486304524
0.387618151617444 0.79752340922066 -0.69858684268037 -0.486554718157726
-0.574070802444335 -0.788262903036315 0.545900856487584 0.816432848993067
0.29527857608473 0.947422971718302 -1.08260546025841 -0.160096087544624
-0.450754785783959 -0.594309613964957 0.582279068015894 0.462785331733023
0.714326204898546 0.82599404661378 -0.620675570444816 -0.91964468106751
0.698928065280938 0.743027227476849 -0.693328876496284 -0.748626416261507
-0.212703825213579 0.82517828958405 -0.590282524215805 -0.0221919401546659
0.418371730118086 0.891246309416194 -1.00338437345188 -0.306233666082398
-0.646231103823704 -0.795716798248057 0.836478460214391 0.605469441857369
0.36507706585751 0.99369045523681 -0.656270296953433 -0.702497224140888
0.574642011936234 0.741751197480892 -0.790627501015732 -0.525765708401395
0.382760158590158 0.935854847010296 -0.575006897193647 -0.743608108406807
0.532238353293397 1.07693182507699 -0.882480273699285 -0.726689904671103
0.915463385871168 0.361644949681966 -0.356451834959868 -0.920656500593266
0.285718028679873 0.934758443560155 -0.458568391125609 -0.76190808111442
0.368374670944328 0.984039681310531 -0.80402415141899 -0.548390200835871
-0.172143306407194 -0.863079080036512 0.685305574334143 0.349916812109563
0.313334773180119 0.663761048010602 -0.725929870272265 -0.251165950918457
0.555064277496124 0.823830868703453 -0.670737265027135 -0.708157881172443
0.365230267672276 0.870259826959006 -0.622343847792261 -0.613146246839022
0.720845199192973 0.77673960651351 -0.647916751723486 -0.849668053982995
0.441714479690816 0.905948699892734 -0.922369677164184 -0.425293502419365
0.819044832133463 0.355359997973315 -0.418940338938822 -0.755464491167957
0.658150179885394 0.727330954436354 -0.623211998276909 -0.762269136044839
0.114228588192829 0.994989601440511 -0.828698467687449 -0.280519721945891
0.352966141668203 0.985678307824116 -0.675102575740163 -0.663541873752154
0.35084786896702 0.822223341484252 -0.829390577736416 -0.343680632714854
0.357730144219582 0.679192173950166 -0.895607791830529 -0.141314526339219
-0.513008034527235 -0.585561042935403 0.621837547139487 0.47673153032315
0.449045729327171 0.625177620304526 -0.708586401612608 -0.36563694801909
-0.228746202987484 -1.00766261861612 0.784504346478497 0.451904475125103
-0.474853494930811 -0.414296852852343 0.145170303290082 0.743980044493073
-0.0423080613004926 0.962699195886026 -0.675896399609204 -0.244494734976331
0.785440433663968 0.513541871059263 -0.58046055230545 -0.718521752417781
0.819968032760113 0.602515459001214 -0.665474250218763 -0.757009241542562
0.557269946556881 0.726859378353617 -0.527863908667075 -0.756265416243423
0.666252614613227 0.763504390147742 -0.599095224322962 -0.830661780438006
0.681078340523087 0.591174233734228 -0.214257930446904 -1.05799464381041
-0.598606873127253 -0.745346371711368 0.677616159141448 0.666337085697177
0.744239528394596 -0.300027901003845 0.326148798884885 -0.770360426275635
0.40422945787428 0.84959327244722 -0.6267215312852 -0.627101199036298
1.21063786635896 0.296540167481819 -0.49111870152508 -1.0160593323157
0.0522885560962696 0.910817335279817 -0.593468741505645 -0.369637149870442
1.14967824298001 0.292029672851122 -0.70477228740931 -0.736935628421826
-0.617085350300361 -0.858754025188227 0.912386810884773 0.563452564603806
-0.292123145543921 -0.818162606218304 0.538588345087999 0.571697406674227
-0.707332112837709 -0.888172053540678 0.811496198391829 0.784007967986558
0.642027142297809 0.694310407551099 -0.530274968766276 -0.806062581082633
0.977668668022199 -0.280824608204068 0.247059643348042 -0.943903703166173
-0.937199094920815 -0.715780633594227 0.9513535247848 0.701626203730242
0.0641364603365955 1.06876632147727 -0.823627930094376 -0.30927485171949
0.615703258028191 0.684183149394253 -0.632613139721719 -0.667273267700725
0.896098540929725 0.661002967758035 -0.525447467543157 -1.0316540411446
-0.682712017293617 -0.802213779654429 0.939981705730709 0.544944091217337
-0.694006870885238 -0.150709304852193 0.282305068047302 0.562411107690129
-0.623407836554413 0.421781159312866 -0.320645445481798 0.522272122723347
-0.623407836554413 0.421781159312866 -0.320645445481798 0.522272122723347
-0.623407836554413 0.421781159312866 -0.320645445481798 0.522272122723347
-0.623407836554413 0.421781159312866 -0.320645445481798 0.522272122723347
-0.623407836554413 0.421781159312866 -0.320645445481798 0.522272122723347
-0.623407836554413 0.421781159312866 -0.320645445481798 0.522272122723347
-0.623407836554413 0.421781159312866 -0.320645445481798 0.522272122723347
-0.623407836554413 0.421781159312866 -0.320645445481798 0.522272122723347
-0.623407836554413 0.421781159312866 -0.320645445481798 0.522272122723347
-0.623407836554413 0.421781159312866 -0.320645445481798 0.522272122723347
-0.623407836554413 0.421781159312866 -0.320645445481798 0.522272122723347
-0.623407836554413 0.421781159312866 -0.320645445481798 0.522272122723347
-0.623407836554413 0.421781159312866 -0.320645445481798 0.522272122723347
-0.623407836554413 0.421781159312866 -0.320645445481798 0.522272122723347
-0.623407836554413 0.421781159312866 -0.320645445481798 0.522272122723347
-0.623407836554413 0.421781159312866 -0.320645445481798 0.522272122723347
-0.638544505935475 0.31741368544821 -0.269938545460113 0.591069365947378
0.760670403713837 0.861870426327503 -0.708374901831071 -0.914165928210271
0.372423189698724 0.614094803086385 -0.661296273525561 -0.325221719259549
0.39216842449209 0.739793630117121 -0.669076745857703 -0.462885308751507
0.586787955505304 0.89311541570922 -0.840811269023135 -0.639092102191387
0.971834908532362 0.122773732173975 -0.386692219162664 -0.707916421543675
0.703325187813731 0.791572046918273 -0.827623513876109 -0.667273720855895
0.599855992470041 0.651099823487614 -0.516240440668347 -0.734715375289308
0.460283759688257 0.759304903254143 -0.639317057654782 -0.580271605287617
0.245521639115134 0.893975082204299 -0.785074290248736 -0.354422431070695
0.508141845050385 0.917124222994308 -0.762491412009005 -0.662774656035689
0.249819082693475 0.976420231963568 -0.732290965685912 -0.493948348971131
0.716242208043923 0.569427323261355 -0.632696022816329 -0.652973508488949
-0.638179179095815 -0.592974705784431 0.520827073902625 0.71032681097762
0.851987702698044 0.346472777585173 -0.364655025413399 -0.833805454869818
0.827119407329554 0.537934277270242 -0.527592266182059 -0.837461418417737
0.41505087255186 0.923153523485584 -0.830689234799535 -0.507515161237908
0.821937294160895 0.725075883772495 -0.527673350971958 -1.01933982696143
0.636467234020004 -0.270169783883961 0.18064209921145 -0.546939549347493
0.348147237100204 0.954526004603496 -1.02975212135336 -0.272921120350336
-0.589083935798838 -0.534046581489153 0.733828077476026 0.389302439811964
-0.238232057124579 -0.961520546410558 0.742920589701039 0.456832013834097
0.0259149855444297 1.04077420357403 -0.914869711423132 -0.151819477695325
0.863992505808767 0.631523139161043 -0.520466868583979 -0.97504877638583
0.574963697130765 0.779462577303411 -1.07266981877183 -0.281756455662344
-0.778080603841143 -0.61124883578552 0.537412965540377 0.851916474086289
0.382420571086064 1.02123945647561 -0.733549869107156 -0.670110158454518
0.457179275106161 0.497378521934041 -0.356164897145538 -0.598392899894665
-0.413174300901532 -0.78639186539731 0.853312399967705 0.346253766331136
-0.613036346072652 -0.40685532678647 0.405370677141934 0.614520995717187
0.493529232148201 0.981630477187409 -0.884335233223237 -0.59082447611237
0.304398043298557 0.854167804458568 -0.594404570492655 -0.56416127726447
-0.424093554210665 -0.58086062690639 0.28138357361029 0.723570607506764
0.180033549104933 0.525427864911882 -1.05819212102522 0.352730707008407
-0.461277760790395 -0.82127818550832 0.516263442460016 0.7662925038387
-0.134458392517906 -0.742710379381464 0.544212011137588 0.332956760761783
-0.120521344553783 -1.23759990771898 0.842782489802266 0.515338762470493
0.796604204930712 0.474958008242897 -0.585421275941174 -0.686140937232436
-0.523814527569238 -0.639747486772445 0.65652931455126 0.507032699790422
0.608469239868501 0.309249213641908 -0.320178217331698 -0.597540236178711
0.495983069107946 0.713049921536258 -0.499366891135964 -0.70966609950824
0.210884248768773 0.805495398598526 -0.485256426027134 -0.531123221340166
0.394279515530354 0.982441998091091 -0.589089862810346 -0.787631650811098
0.849786697496175 -0.00097394982093753 -0.0271343576421344 -0.821678390033102
-0.55311379406321 -0.641785076660747 0.605476745056767 0.589422125667189
0.825952429254589 0.156746920152858 -0.190001200253519 -0.792698149153928
-0.778807329574309 -0.593913786727447 0.560353131162205 0.81236798513955
0.418078400976386 0.564788744598578 -0.301813204421841 -0.681053941153122
0.807773295019607 0.457011441326899 -0.2135163765065 -1.05126835984001
-0.424490000303185 -0.683659394714824 0.655002813221688 0.45314658179632
-0.461146705207751 -0.539583679740141 0.537525986901133 0.46320439804676
0.511153710248501 0.469709995439269 -0.427328762445115 -0.553534943242654
0.431076117771398 0.778271797859093 -0.581120851119473 -0.628227064511016
0.682340605744195 0.326248562462341 -0.610257630888366 -0.39833153731817
0.823454784425425 -0.283343559903378 0.056027922365411 -0.596139146887458
0.366190033910236 0.680217805554858 -0.542698169625759 -0.503709669839335
-0.664750640875704 -0.804970191516111 0.961789575424998 0.507931256966814
-0.523326625997992 -0.624393793460522 0.598382723380805 0.549337696077709
0.385669731536382 0.730510701368152 -0.955581465216333 -0.1605989676882
0.441485514845734 0.856296368704742 -0.909071807524092 -0.388710076026387
0.224185405099919 0.733515902184583 -0.783876471320862 -0.17382483596364
0.542245205610251 0.765694631168751 -0.55509197240671 -0.752847864372291
0.479564936025435 0.579420733825872 -0.440264610717477 -0.618721059133831
-0.681793129325632 -0.451554640332793 0.545679873564393 0.587667896094032
0.282779482941867 1.02533026369385 -0.817141350632074 -0.490968396003638
0.517519278639278 0.425485949199434 -0.0747099138123366 -0.868295314026374
0.55528895009537 0.570892463733872 -0.370035063420353 -0.75614635040889
0.313043624016184 0.836364470761141 -0.779568894635935 -0.369839200141391
-0.693597079085685 -0.713120886101533 0.70424105739436 0.702476907792857
-0.756557203051245 -0.496900072608994 0.482953909669 0.770503365991238
0.739942206107693 0.399822476595412 -0.514007365572961 -0.625757317130144
0.604589816183997 0.575277912357225 -0.690839348559972 -0.48902837998125
-0.544087478672609 -0.767472319053031 0.819842633815534 0.491717163910105
0.342328269069329 1.00053604436046 -0.892964696830284 -0.449899616599498
-0.735131630881828 -0.771509926966948 0.615532594972961 0.891108962875813
-0.541853515659321 -0.738373528691718 0.353639041667406 0.926588002683634
0.307300397025432 0.959614841532115 -0.911288308580949 -0.355626929976596
-0.487619769410878 -0.558051464243857 0.450007625999592 0.595663607655145
-0.419736568482283 -0.873540236496165 0.883058886762708 0.41021791821574
-0.490538858201708 -0.70661362177475 0.668333937415606 0.528818542560853
-0.616838989849686 -0.546465301292136 0.5902350490349 0.573069242106919
0.437228737682647 -0.297104690837861 0.249892541682038 -0.390016588526823
0.333635913470976 0.86466115764579 -0.646276069640473 -0.552021001476293
-0.442549306136277 -0.56583839132417 0.508532966651584 0.499854730808863
-0.388570303860691 -0.599271357129798 0.665150430541175 0.322691230449316
0.382865139625011 0.924662813541085 -0.84513602162832 -0.462391931537775
0.573323079474433 0.440985422454589 -0.837184292638652 -0.17712420929037
0.124942523134624 0.98383822954318 -0.849668279246048 -0.259112473431756
0.798217574805809 0.339917693127093 -0.439874910269949 -0.698260357662952
0.964257734487246 0.487258425741424 -0.54896303192833 -0.902553128300339
0.490399736750175 0.546694678224054 -0.831994926666084 -0.205099488308146
0.319561757670102 0.70271935046104 -0.52551769802984 -0.496763410101301
-0.46391182924281 -0.484643825967298 0.579966600593026 0.368589054617082
1.0265844657171 0.271215200292622 -0.568235980186651 -0.729563685823073
0.618619590147093 0.699205575619414 -0.680260801398305 -0.637564364368203
0.620282772904517 0.412820918587319 -0.225946545011004 -0.807157146480832
0.456564961237903 0.60093984516157 -0.493385805483001 -0.564119000916472
0.812585769939462 0.400837830733528 -0.0562476928340032 -1.15717590783898
0.804184665702955 0.621519563526712 -0.702249221738578 -0.723455007491088
-0.32984179927093 -0.676605725056559 0.304504993750616 0.701942530576873
-0.612081167233675 -0.701610825963129 0.722105029907938 0.591586963288867
0.219992748082613 0.781154052533105 -0.552644783207508 -0.448502017408211
0.851048879086784 0.640767406542179 -0.87196955639236 -0.619846729236603
0.602713863411534 0.503593364428406 -0.532862614959711 -0.573444612880228
0.712441901601698 0.803036818470418 -0.791639253117784 -0.723839466954336
0.618619590147093 0.699205575619414 -0.680260801398305 -0.637564364368203
-0.70390370519525 -0.70390370519525 0.841499161694637 0.566308248695863
0.457358685320821 0.769983257218655 -0.507395694268584 -0.719946248270893
0.838987138304394 0.403923962175402 -0.595243417619832 -0.647667682859964
0.907666428135855 -0.0120675669570741 -0.225712434953875 -0.669886426224903
-0.209873488631273 -0.970332651703216 0.614977977338546 0.565228162995944
-0.592243042771796 -0.353085484316491 0.317185143920617 0.628143383167671
0.660161801581169 0.85731560204022 -0.800842016505713 -0.716635387115678
0.516507934522544 0.760476576960814 -0.754129614880012 -0.522854896603343
0.604033338158955 0.733000701105945 -0.589140070660719 -0.747893968604181
0.421244067272412 0.72169099076779 -0.676127743877283 -0.466807314162919
0.694355267382686 -0.188894369669981 -0.0197669725322076 -0.485693925180497
-0.588197105806236 -0.558098471586535 0.852872400398294 0.293423176994477
0.52505234307213 0.621371791302741 -0.42254273892759 -0.723881395447282
-0.477249431496957 -0.95074535929368 0.899085159409182 0.528909631381455
0.820654878714166 0.380300503170354 -0.434940267856597 -0.766015114027922
-0.0946355960293196 1.05227984804401 -0.759257375141337 -0.198386876873352
0.557446424446695 0.657719480954922 -0.360743616646835 -0.854422288754781
0.581559810337036 0.558723942561975 -0.541468345532241 -0.59881540736677
-0.600081734468223 -0.606631637001852 0.956491947032814 0.25022142443726
-0.55438150073317 -0.457841714954635 0.261329618657684 0.75089359703012
1.15144921268238 0.333215425771084 -0.518023202789219 -0.966641435664248
-0.468402268200619 -0.615381019798187 0.559032287324892 0.524751000673915
0.787889976361789 0.430913904030508 -0.469596816615393 -0.749207063776904
0.417602447531008 0.930242514217654 -1.03476783659337 -0.313077125155295
0.687368337265109 0.424034792706469 -0.751648836524241 -0.359754293447338
0.450187166863036 0.494999634701338 -0.815835334409252 -0.129351467155122
0.688572585728437 0.258937182982893 -0.317727982446579 -0.629781786264751
0.736598417087702 0.815373362971443 -0.704416508434515 -0.847555271624629
0.836573436287212 0.124585442285542 -0.603359112961772 -0.357799765610982
1.28736729144664 0.0947252250964583 -0.328885242424729 -1.05320727411837
0.800284818945852 0.107204239285047 0.0471308919878362 -0.954619950218735
0.528972700045424 0.369868351039851 -0.288886888581985 -0.60995416250329
0.528740920475809 0.580345909968038 -0.376894549858744 -0.732192280585103
-0.239133249189193 -0.73499310999101 0.129592511839048 0.844533847341153
0.852624202209239 0.27192868791395 -0.804818610983888 -0.319734279139302
0.793938130906841 0.377442297115055 -0.460778494157179 -0.710601933864717
0.34860412262978 0.670188300568713 -0.638198119644358 -0.380594303554136
0.54013736539446 0.552753356042713 -0.488999700970958 -0.603891020466213
0.590603290360354 0.808412886843996 -0.659652410100723 -0.739363767103627
0.641961651570953 0.463421825066174 -0.34060143877316 -0.764782037863968
0.911963319842298 0.335386157148557 -0.478471100742644 -0.768878376248211
-0.394540770252543 -0.593806472895594 0.622741744378515 0.365605498769621
0.251981626705827 0.413798265928483 -0.380218279286144 -0.285561613348166
0.481725082319531 0.505343285239948 -0.746265645225824 -0.240802722333654
0.415938488192927 0.967229726086967 -0.834589387424958 -0.548578826854935
0.603239868348678 0.434478121477605 -0.757006401558049 -0.280711588268235
0.293680567241762 -0.788606062269717 0.872161155620361 -0.377235660592406
0.708313382122107 0.0229462010514982 -0.471229702457001 -0.260029880716605
0.472479659079365 -0.530621213999207 0.380629875179011 -0.322488320259169
0.617123787284181 0.531993276695919 -0.25002189232298 -0.899095171657119
0.297937441849249 0.838572516724626 -0.470731028029906 -0.665778930543969
0.515393984061652 0.552843032223216 -0.502413149508061 -0.565823866776807
-0.369281604479568 -0.616826941188085 0.422205482702297 0.563903062965355
1.11194296870167 0.413885790297456 -0.65754006447349 -0.868288694525639
0.63718980549125 0.812476161397299 -0.793573558879384 -0.656092408009164
0.660860178207857 0.594529118105958 -0.623703795125182 -0.631685501188632
0.541628738586138 0.508418631385491 -0.309674855932449 -0.740372514039181
-0.596378203997026 -0.371217188827311 0.631481451823353 0.336113941000983
0.748869853103767 0.137138042523843 -0.419841705613016 -0.466166190014594
-0.24792640631973 -0.852128386332683 0.410532652341496 0.689522140310916
-0.678492355328441 -0.498756515890268 0.334887036411671 0.84236183480704
-0.61529616753012 0.326205661032664 -0.153641259736345 0.442731766233803
-0.590924017052624 0.559977817656757 -0.225824849077974 0.256771048473842
0.456365467599388 0.856680322124264 -0.827299871196585 -0.485745918527068
-0.498446223513073 -0.944260258702287 0.675929792500911 0.76677668971445
0.665238926264224 0.518368428314733 -0.667699583700884 -0.515907770878073
-0.61529616753012 0.326205661032664 -0.153641259736345 0.442731766233803
-0.61529616753012 0.326205661032664 -0.153641259736345 0.442731766233803
0.591813553735319 0.693136101940065 -0.59018220618631 -0.694767449489075
1.09291512874506 0.536470966950032 -0.538386825815615 -1.09099926987947
1.12897710967988 0.29158063404614 -0.307643040103053 -1.11291470362297
-0.61529616753012 0.326205661032664 -0.153641259736345 0.442731766233803
0.992771491738824 0.209797679047952 -0.375381637414243 -0.827187533372532
0.745759983822999 0.637753693440136 -0.659734463221326 -0.723779214041808
0.587847481216144 0.46248264185339 -0.472120924448818 -0.578209198620715
-0.61529616753012 0.326205661032664 -0.153641259736345 0.442731766233803
0.616528493760443 0.738395503241922 -0.824276454656627 -0.530647542345736
0.665392274724086 0.728679809738174 -0.570765330922836 -0.823306753539422
0.733371858236232 0.673247597804651 -0.734696321264818 -0.671923134776062
-0.61529616753012 0.326205661032664 -0.153641259736345 0.442731766233803
-0.61529616753012 0.326205661032664 -0.153641259736345 0.442731766233803
-0.61529616753012 0.326205661032664 -0.153641259736345 0.442731766233803
-0.428486893275617 -0.648107570718802 0.55374249605396 0.522851967940457
0.727446343583247 0.212708071975739 0.0150431759246296 -0.955197591483615
-0.634504724031745 0.584853840907694 -0.243167963804431 0.292818846928482
0.382948815165871 0.562462185069848 -0.595036721294097 -0.350374278941623
0.36908400825923 0.928489615787702 -1.09333528311516 -0.204238340931769
-0.70909731889825 -0.86434164713487 0.755503846458933 0.817935119574188
0.366143487709317 0.843643262935884 -0.688515050336656 -0.521271700308543
0.575942795090424 0.472902976030195 -0.492669265974952 -0.556176505145667
-0.538234653428065 0.131116623529604 -0.407515280862834 0.814633310761296
-0.530489964879422 -0.512451603628365 0.495865314972208 0.547076253535579
0.774186287585146 0.402691069590086 -0.159882234435998 -1.01699512273923
0.105364358493727 0.916447623521019 -0.848072292232094 -0.173739689782653
0.723626296047922 0.706225240631293 -0.648736530204324 -0.781115006474889
-0.548324924894271 -0.575570126550093 0.494021189799015 0.629873861645348
-0.494387224900618 -0.568141670571042 0.316348338987421 0.746180556484238
-0.46356541240177 -0.544627214812686 0.412502515802163 0.595690111412293
0.761801809347839 -0.115606357328223 -0.00988449739323779 -0.636310954626377
0.478511477348545 0.599171347531338 -0.498034466633968 -0.579648358245914
-0.415509462363304 0.447558754538937 -0.333952895156901 0.301903602981269
-0.0553444798472212 -1.06453935665273 0.73819301464063 0.381690821859323
0.413942192312365 -0.382950288640543 0.335777944675208 -0.366769848347029
-0.866094010324183 -0.961575381585947 0.941935634509857 0.885733757400273
0.128535451152982 0.877352594588355 -0.619795777349053 -0.386092268392283
0.258906296266829 0.782477787527101 -0.802197591355606 -0.239186492438324
-0.452034261766115 -0.857259430721753 0.350139296935958 0.95915439555191
-0.567222836596859 -0.525893449625197 0.28540429013431 0.807711996087746
0.58313527631308 0.498237478351986 -0.515456841856417 -0.565915912808649
0.600354399467816 0.547254771197487 -0.606298931678916 -0.541310238986387
0.259311588450787 1.06994081171236 -0.827886805499687 -0.501365594663464
-0.108468184176324 -0.86749002128655 0.932358178150643 0.0436000273122331
-0.493551980065599 -0.46962345316379 0.635063669380123 0.328111763849268
-0.685987045759772 -0.383693026257816 0.221698832740988 0.8479812392766
0.697387138473709 0.58443976862357 -0.517699129495513 -0.764127777601767
0.631504623848102 0.692584895800745 -0.572113249810806 -0.751976269838042
