1849
1977
7585
9304
15117
17608
17654
17657
27463
30688
30943
31077
35608
36008
37031
37305
37334
50557
54394
63771
63868
69834
69871
70095
70924
71336
74822
75233
78422
79480
80616
92199
94344
96894
97350
103778
103779
103836
103879
103893
103896
104712
104838
104856
104858
104915
104919
104942
104944
104962
105007
105011
105045
105139
107485
127075
130997
132417
141623
142368
146737
146985
154191
161087
162581
163573
163706
164676
169637
177596
178941
180025
182824
183091
184461
187226
194681
196642
200154
202197
203038
204094
207226
215977
220050
222925
230170
231114
234450
234477
243118
244911
261869
262268
265968
270430
271640
282892
283610
283614
284623
285772
285871
285876
306487
332916
332951
333406
333438
333441
333892
335971
336191
336380
336400
336403
336405
336504
336535
336540
336546
336590
336592
336611
336617
336620
337820
337959
338020
338100
338453
338618
338792
338844
338845
338876
340132
340372
353309
353365
376774
383716
389038
391853
392261
397275
401678
403364
404326
435190
443277
448266
454167
454295
454333
456281
457326
457452
459399
469420
477234
478662
483935
487852
489935
491591
497491
498557
502284
524891
525833
544461
546914
551525
565655
575679
575907
589536
597816
608037
608775
621598
623472
623508
627485
628334
628864
628895
630722
632455
637319
648990
665293
672491
673238
683829
685608
686655
699840
703356
712693
713071
713310
721373
725190
726816
739444
752802
757139
758750
765150
767414
781276
795023
805663
812808
820483
820752
835611
836272
836291
836426
836454
836538
836658
836777
837033
838990
839089
839123
839129
839194
839334
839348
839949
840496
841764
842030
842111
842364
846841
847995
857696
880562
882257
897209
900221
902413
903550
908186
909166
909280
919574
927110
927385
932280
945214
949535
950230
953233
954468
957117
960367
969762
981670
985621
989719
997899
1014446
1028217
1037012
1040050
1040251
1042225
1046757
1047165
1068432
1070702
1073033
1075279
1076689
1087193
1090172
1091253
1093322
1093406
1093928
1095944
1095945
1095981
1095990
1096299
1096323
1096398
1096508
1096510
1096567
1096633
1098523
1099058
1106422
1108521
1111826
1133379
1142266
1145848
1148255
1149551
1154646
1160770
1160790
1162274
1164336
1164571
1164809
1169447
1170404
1175343
1177157
1178116
1183149
1189921
1190093
1190154
1191497
1191741
1200418
1205269
1212076
1215743
1218301
1218896
1224367
1232037
1234262
1248936
1248978
1251199
1256338
1256806
1265070
1272010
1275957
1276321
1276322
1276340
1276588
1276938
1278583
1284616
1286766
1292102
1292464
1302920
1307598
1313338
1322741
1327890
1333669
1336164
1338172
1339399
1339435
1339436
1339741
1339774
1340208
1340500
1341023
1341044
1341064
1341103
1341120
1341624
1342581
1342720
1351172
1353489
1357308
1360209
1361285
1362006
1367484
1368860
1389738
1393626
1393694
1393994
1396311
1399395
1404169
1413148
1428506
1440271
1444202
1445781
1468208
1477588
1479085
1480972
1481185
1486867
1488793
1495326
1509341
1526819
1532296
1532656
1532660
1532777
1532778
1532827
1533163
1533208
1533241
1533583
1538659
1540141
1541798
1553633
1559864
1561614
1563717
1570566
1572322
1573660
1577241
1588899
1589383
1608596
1609840
1612289
1618673
1618681
1620181
1622964
1624791
1628589
1630148
1634581
1634589
1634592
1634605
1634609
1634610
1634633
1634636
1636826
1636918
1636980
1636981
1636983
1638020
1638125
1643864
1645802
1648620
1669358
1673425
1676290
1688649
1689349
1692141
1693561
1698911
1699849
1703555
1706602
1708846
1709432
1713192
1715942
1716472
1722480
1729867
1741352
1741624
1752561
1758773
1762615
1775312
1777182
1777213
1778789
1779243
1779370
1782432
1788570
1788613
1788630
1789446
1789516
1789564
1789565
1789650
1789654
1789671
1789675
1789678
1792778
1797027
1798355
1804409
1815604
1819591
1820707
1823549
1829423
1831220
1831226
1831288
1838153
1847919
1849051
1854169
1854300
1864811
1865976
1875207
1885385
1892017
1894422
1895517
1897608
1913811
1916137
1924008
1930028
1931219
1931718
1937959
1943039
1943592
1944107
1944482
1952601
1955933
1960284
1982901
1983291
1983313
1983429
1990919
1993808
1993930
1995305
2004869
2007502
2010614
2010991
2026110
2026148
2029015
2030345
2030355
2038913
2039901
2044191
2045310
2049097
2050822
2052035
2053682
2053987
2057141
2061958
2067684
2069771
2071576
2074509
2074565
2074695
2074754
2078246
2082053
2086672
2093455
2097270
2108141
2108838
2108890
2115210
2122395
2132152
2134215
2135870
2147022
2160282
2160998
2162181
2162803
2163790
2165503
2165554
2180374
2184371
2186779
2187376
2187719
2190485
2191251
2196715
2196964
2196970
2209465
2209526
2211826
2216963
2238613
2244421
2244770
2245532
2247677
2260100
2265059
2267372
2268627
2269545
2278446
2283030
2283191
2283994
2286739
2288462
2295685
2295917
2296042
2296181
2300237
2300546
2300552
2300555
2302033
2304068
2306306
2307701
2310570
2310984
2311099
2315386
2315726
2316123
2320320
2321975
2329533
2330324
2331620
2334007
2335075
2335494
2338990
2339605
2339835
2340104
2340621
2345037
2347442
2348446
2361604
2362041
2364196
2369326
2387733
2401883
2406186
2411496
2413246
2424008
2437470
2437971
2439401
2439458
2439460
2440926
2442468
2451700
2462871
2479912
2480158
2484255
2491597
2495683
2496508
2499726
2502073
2503625
2505080
2509140
2516567
2518919
2521428
2522547
2527120
2529680
2531742
2532176
2536599
2536892
2539687
2546359
2546684
2551577
2558416
2566768
2568273
2572870
2573756
2574022
2578626
2578975
2589036
2598400
2600260
2608117
2610702
2620278
2625924
2626004
2626011
2626018
2626514
2627618
2627946
2630740
2631371
2637162
2637541
2642383
2643181
2647905
2663795
2671061
2673818
2680658
2692100
2693603
2695378
2697489
2700239
2704317
2706663
2713795
2720895
2720952
2720954
2721562
2724782
2737572
2739174
2740693
2740970
2744853
2745889
2746277
2754917
2759390
2767399
2774555
2775042
2775592
2788298
2788745
2788963
2794071
2800087
2801175
2808506
2819009
2821342
2825581
2828822
2829779
2829918
2833329
2841022
2841238
2850631
2851167
2852811
2865882
2866677
2866863
2866882
2867207
2867298
2867347
2867756
2871251
2871813
2880702
2886570
2888201
2898337
2903150
2906978
2911823
2916261
2923391
2925962
2927015
2932318
2945167
2946570
2947990
2953367
2960231
2961622
2966445
2967041
2969197
2969494
2973658
2974933
2975227
2976541
2980911
2981637
2983095
2983613
2983873
2992031
2994187
3005185
3005618
3009692
3009834
3010420
3010993
3011692
3013531
3013784
3029610
3031168
3031672
3037377
3037757
3041871
3043143
3054081
3054321
3054724
3067039
3069167
3072567
3078178
3078579
3086788
3089776
3094851
3101119
3102253
3105748
3108055
3108959
3109457
3113872
3113887
3118000
3122096
3133055
3133536
3135912
3135951
3136335
3136576
3137736
3144623
3147170
3147742
3158868
3162805
3170663
3187090
3195557
3195975
3200282
3214869
3232759
3232815
3236230
3238090
3239262
3243630
3247851
3247853
3247856
3247877
3248028
3256494
3258274
3289923
3310626
3314412
3314629
3332254
3336199
3336587
3336825
3338603
3340328
3351926
3352244
3354896
3355057
3362795
3375165
3377271
3377275
3378404
3378419
3379718
3379736
3379742
3379757
3379784
3379788
3381641
3394917
3398223
3398228
3401871
3401951
3402816
3404376
3417839
3418330
3423184
3425854
3440895
3446699
3455686
3456295
3460986
3462135
3465812
3466502
3466919
3481475
3482432
3482717
3484012
3484126
3491393
3495658
3508970
3518167
3529067
3537748
3542262
3544710
3550347
3550789
3556275
3556607
3564400
3564790
3584834
3587072
3594124
3603355
3607023
3607101
3612813
3614982
3625065
3628520
3633719
3652422
3674138
3674157
3678249
3681548
3682158
3686206
3690016
3711910
3714108
3714757
3717464
3725887
3730327
3730411
3730466
3730519
3730582
3730642
3730741
3730825
3730978
3730993
3732113
3732114
3732194
3732247
3732310
3732370
3732469
3732517
3732525
3732553
3732624
3732706
3735802
3735813
3735925
3735931
3735967
3736024
3736179
3736628
3739913
3744786
3746727
3746735
3746753
3746771
3746790
3746830
3746896
3746933
3750193
3752207
3753116
3753164
3776706
3777612
3783058
3783714
3788840
3794035
3794884
3798095
3804299
3811327
3811675
3812821
3815477
3820545
3820665
3821845
3829770
3830349
3834950
3841662
3841790
3842425
3842620
3842625
3842976
3844992
3845695
3846851
3846852
3846853
3846857
3846860
3846866
3846886
3846897
3847221
3854174
3863138
3863681
3864995
3868748
3870010
3871246
3873242
3873392
3883178
3883605
3883626
3883664
3883683
3883690
3883707
3883711
3883796
3883797
3883845
3883915
3884748
3884791
3884906
3885886
3887921
3894476
3894625
3894732
3895491
3908087
3908465
3916386
3925733
3930896
3934542
3934699
3936761
3940802
3942481
3942640
3943019
3945519
3950177
3952308
3958086
3958403
3959730
3959957
3962438
3966813
3968006
3968232
3983271
3985439
3989202
3994657
4001622
4003130
4004650
4005114
4005607
4008747
4024273
4030543
4031626
4032218
4033577
4037283
4038287
4053050
4057076
4060100
4060201
4060210
4060230
4060334
4060466
4060588
4063682
4069292
4075422
4076546
4080979
4086802
4088346
4095139
4095295
4095728
4099281
4101447
4120983
4123770
4123836
4133316
4135112
4136581
4137829
4147033
4149438
4150648
4151855
4159195
4166441
4167656
4178354
4178709
4179832
4179930
4182695
4190332
4192588
4194501
4202368
4205120
4211237
4215484
4215793
4220174
4221423
4223172
4231865
4233299
4234664
4234960
4236237
4239298
4242803
4243460
4249408
4251087
4254039
4254290
4255922
4256210
4257220
4258106
4275386
4284570
4287011
4291418
4292267
4296015
4299480
4306767
4306929
4307179
4308395
4309927
4311664
4314645
4314800
4315384
4316046
4316114
4320050
4322185
4323355
4331585
4335386
4338732
4339236
4340006
4340972
4350305
4351160
4352475
4357123
4357597
4357675
4357804
4359165
4359667
4361162
4362568
4362807
4365461
4366195
4373496
4375480
4375628
4381974
4384007
4384112
4384417
4385530
4386228
4386612
4386709
4386971
4389202
4390753
4391427
4393178
4393590
4397736
4399185
4399858
4400246
4401732
4404034
4404832
4404957
4407588
4407927
4408156
4408923
