MTB lambdagcspa lambdagcnospa
1 1.00194457537748 1.00194457537748
2 0.995144759140195 0.995144759140195
3 0.989482300248748 0.989482300248748
4 0.993335141922688 0.993335141922688
5 1.00290503713948 1.00290503713948
6 0.990352991282521 0.990352991282521
7 1.0056124189308 1.0056124189308
8 1.00816084946979 1.00816084946979
9 0.995170329272039 0.995170329272039
10 1.00885092968412 1.00885092968412
11 0.995088971429582 0.995088971429582
12 0.995235419038892 0.995235419038892
13 1.0034007195948 1.0034007195948
14 1.00325339908726 1.00325339908726
15 1.02294567940563 1.02294567940563
16 1.00327912056573 1.00327912056573
17 1.00339136544231 1.00339136544231
18 1.00293776526812 1.00293776526812
19 1.0026198665554 1.0026198665554
20 1.0007863698912 1.0007863698912
21 0.997378132316634 0.997378132316634
22 1.0010198005904 1.0010198005904
23 0.992775782935489 0.992775782935489
24 1.00283490766277 1.00283490766277
25 1.00289101086326 1.00289101086326
26 1.0080529088633 1.0080529088633
27 1.00184879965351 1.00184879965351
28 1.00533839698585 1.00533839698585
29 1.01748716023207 1.01748716023207
30 1.0098373563057 1.0098373563057
31 1.00128362498376 1.00128362498376
32 1.00495204832956 1.00495204832956
33 1.00456580785697 1.00456580785697
34 1.01058939162964 1.01058939162964
35 1.0070114807876 1.0070114807876
36 1.00156618331356 1.00156618331356
37 0.997736741051259 0.997736741051259
38 1.00279049424378 1.00279049424378
39 1.010815081919 1.010815081919
40 1.00765172538871 1.00765172538871
41 0.996095824301516 0.996095824301516
42 1.00247496668944 1.00247496668944
43 1.00987024928296 1.00987024928296
44 1.02141438010634 1.02141438010634
45 1.02000545873418 1.02000545873418
46 1.00355039479874 1.00355039479874
47 0.994298889290337 0.994298889290337
48 1.00255676304231 1.00255676304231
49 1.00500823777354 1.00500823777354
50 0.996219115785162 0.996219115785162
51 1.0234034988978 1.0234034988978
52 1.02440505746202 1.02440505746202
53 0.995549288102481 0.995549288102481
54 1.00237448024124 1.00237448024124
55 1.00204035777004 1.00204035777004
56 0.997489896268275 0.997489896268275
57 1.00195625599673 1.00195625599673
58 1.01141475056941 1.01141475056941
59 1.00737260794785 1.00737260794785
60 1.02317338430522 1.02317338430522
61 1.00301257570116 1.00301257570116
62 1.00858800136652 1.00858800136652
63 0.995809737745883 0.995809737745883
64 1.01535313341126 1.01535313341126
65 1.00075836101003 1.00075836101003
66 1.00581855673065 1.00581855673065
67 1.00638090730642 1.00638090730642
68 1.00222493288759 1.00222493288759
69 1.0058045009025 1.0058045009025
70 0.998265510920708 0.998265510920708
71 0.996558806247039 0.996558806247039
72 1.00258247156247 1.00258247156247
73 1.0090458106259 1.0090458106259
74 1.00760950235422 1.00760950235422
75 1.01599488543434 1.01599488543434
76 1.00677234467421 1.00677234467421
77 1.00111785330459 1.00111785330459
78 0.998994941852519 0.998994941852519
79 0.994954160500672 0.994954160500672
80 1.00248431442226 1.00248431442226
81 1.00838144989292 1.00838144989292
82 1.00916557037073 1.00916557037073
83 1.00328145892525 1.00328145892525
84 1.00857861227269 1.00857861227269
85 0.997964995556825 0.997964995556825
86 1.00143073487899 1.00143073487899
87 1.00575999167472 1.00575999167472
88 0.986469278038843 0.986469278038843
89 0.989308691474451 0.989308691474451
90 1.00589118074025 1.00589118074025
91 1.00719906751719 1.00719906751719
92 1.0080247518287 1.0080247518287
93 0.991282186264398 0.991282186264398
94 1.00259649457772 1.00259649457772
95 1.00701148077964 1.00701148077964
96 1.00383575785908 1.00383575785908
97 0.99679617417797 0.99679617417797
98 1.00463134410575 1.00463134410575
99 1.00878754065363 1.00878754065363
100 0.998365697304227 0.998365697304227
101 0.999211748280571 0.999211748280571
102 1.03459176849672 1.03459176849672
103 0.993834347957199 0.993834347957199
104 1.00472497265218 1.00472497265218
105 1.00883684297073 1.00883684297073
106 1.00830869478531 1.00830869478531
107 1.00333758031575 1.00333758031575
108 1.00516511208442 1.00516511208442
109 1.01076335797864 1.01076335797864
110 1.0103073304992 1.0103073304992
111 0.993246928952983 0.993246928952983
112 1.02027529305274 1.02027529305274
113 0.998151353954982 0.998151353954982
114 1.00831573543227 1.00831573543227
115 1.01006292399074 1.01006292399074
116 1.01073044378168 1.01073044378168
117 1.01533662165234 1.01533662165234
118 1.00428497370232 1.00428497370232
119 1.00600598145232 1.00600598145232
120 1.00720610250915 1.00720610250915
121 1.01549702995443 1.01549702995443
122 1.00687080752077 1.00687080752077
123 1.01273964419654 1.01273964419654
124 1.01531067498372 1.01531067498372
125 1.02299311484196 1.02299311484196
126 1.02509374868536 1.02509374868536
127 0.994638104013991 0.994638104013991
128 1.00521896867135 1.00521896867135
129 0.998768846670594 0.998768846670594
130 0.993534802440532 0.993534802440532
131 0.997406072506456 0.997406072506456
132 0.998731556243106 0.998731556243106
133 1.00155450618275 1.00155450618275
134 0.999305008922445 0.999305008922445
135 0.999948679925278 0.999948679925278
136 1.00868659365413 1.00868659365413
137 1.0052072604626 1.0052072604626
138 0.999342314983404 0.999342314983404
139 1.00396442449474 1.00396442449474
140 1.00431773480367 1.00431773480367
141 0.996502960970893 0.996502960970893
142 1.01044130236881 1.01044130236881
143 0.998193288023005 0.998193288023005
144 1.00474369912906 1.00474369912906
145 1.00631060119981 1.00631060119981
146 0.996128390783076 0.996128390783076
147 1.01052592288113 1.01052592288113
148 0.993848281903795 0.993848281903795
149 1.00063466115073 1.00063466115073
150 1.00125327097163 1.00125327097163
151 1.00492629560533 1.00492629560533
152 1.0075625893014 1.0075625893014
153 1.00695520975995 1.00695520975995
154 0.997138335520275 0.997138335520275
155 1.00812095738905 1.00812095738905
156 1.00704665136893 1.00704665136893
157 1.00542036380401 1.00542036380401
158 0.99867795295222 0.99867795295222
159 1.01961026938071 1.01961026938071
160 1.00649809240957 1.00649809240957
161 1.00165493259452 1.00165493259452
162 1.00111084937685 1.00111084937685
163 1.00770098727739 1.00770098727739
164 1.00830400103926 1.00830400103926
165 1.00598489492241 1.00598489492241
166 1.00473901747805 1.00473901747805
167 1.00181609726411 1.00181609726411
168 0.99841462819183 0.99841462819183
169 0.999325993457097 0.999325993457097
170 1.00464772863276 1.00464772863276
171 1.00295880532126 1.00295880532126
172 0.996852031410706 0.996852031410706
173 0.993272463661356 0.993272463661356
174 0.994826334757488 0.994826334757488
175 1.00271335855986 1.00271335855986
176 1.00178105986247 1.00178105986247
177 1.00664810397768 1.00664810397768
178 1.00447219010056 1.00447219010056
179 0.993019458919052 0.993019458919052
180 0.998689605663061 0.998689605663061
181 0.999479889691356 0.999479889691356
182 1.0086584236947 1.0086584236947
183 1.00006298635849 1.00006298635849
184 1.01336605594412 1.01336605594412
185 1.00397144300321 1.00397144300321
186 1.00349192595935 1.00349192595935
187 1.00476710764632 1.00476710764632
188 0.997725096460527 0.997725096460527
189 1.00483265335894 1.00483265335894
190 1.00557025812624 1.00557025812624
191 1.00268531030002 1.00268531030002
192 1.00290971250141 1.00290971250141
193 1.00099412130226 1.00099412130226
194 0.991391135804805 0.991391135804805
195 0.994463839385521 0.994463839385521
196 1.00851288816154 1.00851288816154
197 0.991847891140084 0.991847891140084
198 0.998633673573267 0.998633673573267
199 1.00442772388307 1.00442772388307
200 1.00291205038472 1.00291205038472
201 1.00247964044876 1.00247964044876
202 0.994668312523379 0.994668312523379
203 1.00293542751177 1.00293542751177
204 1.00388488369387 1.00388488369387
205 1.00557260036268 1.00557260036268
206 1.00886032091406 1.00886032091406
207 1.00428965385966 1.00428965385966
208 0.995619046594089 0.995619046594089
209 1.00193289505162 1.00193289505162
210 1.00596849442413 1.00596849442413
211 0.994050340075813 0.994050340075813
212 1.00263388998319 1.00263388998319
213 0.998118739417353 0.998118739417353
214 1.00779013231657 1.00779013231657
215 1.00659184782531 1.00659184782531
216 0.998058171569892 0.998058171569892
217 1.00162457035482 1.00162457035482
218 1.00665748024181 1.00665748024181
219 1.01358984298499 1.01358984298499
220 0.990582334752605 0.990582334752605
221 0.98998473228905 0.98998473228905
222 0.996549498522027 0.996549498522027
223 0.994068921626586 0.994068921626586
224 1.0011458696495 1.0011458696495
225 0.987042233542118 0.987042233542118
226 1.00320195751934 1.00320195751934
227 0.999570836492726 0.999570836492726
228 0.990973929359749 0.990973929359749
229 0.978854386121264 0.978854386121264
230 0.999057882068554 0.999057882068554
231 0.993815769582381 0.993815769582381
232 0.993272463708616 0.993272463708616
233 0.99405963101277 0.99405963101277
234 0.999146469597749 0.999146469597749
235 0.989588791064905 0.989588791064905
236 0.994120022244877 0.994120022244877
237 0.989899051081827 0.989899051081827
238 1.00573188136243 1.00573188136243
239 1.00613719387006 1.00613719387006
240 1.00511828207137 1.00511828207137
241 1.0051627705635 1.0051627705635
242 1.00206372034866 1.00206372034866
243 1.00061365664853 1.00061365664853
244 1.00421945390653 1.00421945390653
245 0.991817745226034 0.991817745226034
246 0.994157187506017 0.994157187506017
247 0.993910986416846 0.993910986416846
248 0.994886759953791 0.994886759953791
249 0.997813598029511 0.997813598029511
250 1.00680282047727 1.00680282047727
251 1.01459143779089 1.01459143779089
252 1.01192055502974 1.01192055502974
253 0.99654019092336 0.99654019092336
254 0.994257074115063 0.994257074115063
255 0.996968408000427 0.996968408000427
256 1.002776469253 1.002776469253
257 0.995837646016287 0.995837646016287
258 0.991898908874138 0.991898908874138
259 1.01449713922013 1.01449713922013
260 1.00486308643873 1.00486308643873
261 1.00884153852591 1.00884153852591
262 1.00475540331617 1.00475540331617
263 1.00442772388307 1.00442772388307
264 1.00978097009857 1.00978097009857
265 1.00288867317833 1.00288867317833
266 1.00027762820841 1.00027762820841
267 0.998251531972952 0.998251531972952
268 1.02542871776385 1.02542871776385
269 1.00635044068642 1.00635044068642
270 1.00648871724357 1.00648871724357
271 0.998179309842202 0.998179309842202
272 0.992158664756565 0.992158664756565
273 1.00217820268657 1.00217820268657
274 1.01188290746069 1.01188290746069
275 1.00545080964165 1.00545080964165
276 0.989051791287484 0.989051791287484
277 0.997978971650473 0.997978971650473
278 1.00925246134175 1.00925246134175
279 0.995767876429381 0.995767876429381
280 0.9884016561519 0.9884016561519
281 1.00316454670378 1.00316454670378
282 1.00400887575519 1.00400887575519
283 1.00982795841704 1.00982795841704
284 1.02622726533836 1.02622726533836
285 0.999279361616841 0.999279361616841
286 0.984447379345781 0.984447379345781
287 0.988612164165878 0.988612164165878
288 1.00601301033274 1.00601301033274
289 1.00661763155694 1.00661763155694
290 1.00145875761175 1.00145875761175
291 1.0123135633418 1.0123135633418
292 1.0127773151604 1.0127773151604
293 1.00721079252768 1.00721079252768
294 1.01408937168604 1.01408937168604
295 1.00034996073423 1.00034996073423
296 1.00008398257672 1.00008398257672
297 1.0024305647027 1.0024305647027
298 1.00140037758563 1.00140037758563
299 0.999778404438596 0.999778404438596
300 1.00410714153704 1.00410714153704
301 0.993762358157411 0.993762358157411
302 1.00664575991961 1.00664575991961
303 1.00551170365446 1.00551170365446
304 0.998582404783963 0.998582404783963
305 1.00481392567417 1.00481392567417
306 1.00805290885533 1.00805290885533
307 0.997203518811866 0.997203518811866
308 0.995886486811457 0.995886486811457
309 1.00433411550924 1.00433411550924
310 1.00689894096904 1.00689894096904
311 1.01235122259433 1.01235122259433
312 0.996335438644732 0.996335438644732
313 1.00165726818557 1.00165726818557
314 0.999804060901527 0.999804060901527
315 0.999871703403627 0.999871703403627
316 1.02986689543068 1.02986689543068
317 1.01690611608201 1.01690611608201
318 1.00530326991113 1.00530326991113
319 1.00547891424465 1.00547891424465
320 0.999367963436452 0.999367963436452
321 1.00504569867454 1.00504569867454
322 1.00273439518517 1.00273439518517
323 0.997033583178889 0.997033583178889
324 0.996835739602643 0.996835739602643
325 1.00454006234014 1.00454006234014
326 1.00211979213608 1.00211979213608
327 0.997012633796024 0.997012633796024
328 1.00288166017114 1.00288166017114
329 1.01356628475122 1.01356628475122
330 1.00348023258207 1.00348023258207
331 1.00825237088452 1.00825237088452
332 1.01196526296422 1.01196526296422
333 1.00577638962794 1.00577638962794
334 1.00068600685281 1.00068600685281
335 1.00237448024124 1.00237448024124
336 1.00331653463556 1.00331653463556
337 1.0203510454182 1.0203510454182
338 1.0030733620483 1.0030733620483
339 1.01628754769187 1.01628754769187
340 1.01641973729405 1.01641973729405
341 1.00840961437725 1.00840961437725
342 0.996989356814543 0.996989356814543
343 1.00074202251582 1.00074202251582
344 0.995628347956715 0.995628347956715
345 0.996737991945094 0.996737991945094
346 1.01239359056626 1.01239359056626
347 0.999596489282815 0.999596489282815
348 1.03810930566273 1.03810930566273
349 0.996181894533468 0.996181894533468
350 0.999514868521681 0.999514868521681
351 1.00987494841077 1.00987494841077
352 1.00695052060914 1.00695052060914
353 0.99710108932906 0.99710108932906
354 1.00503165073334 1.00503165073334
355 1.00362056074681 1.00362056074681
356 1.00481158489238 1.00481158489238
357 1.00838144989292 1.00838144989292
358 0.991527914533404 0.991527914533404
359 1.00811861101399 1.00811861101399
360 1.00480222104999 1.00480222104999
361 1.0031879283385 1.0031879283385
362 1.00498716646182 1.00498716646182
363 0.994491720228996 0.994491720228996
364 0.995700435892286 0.995700435892286
365 1.00048296916399 1.00048296916399
366 1.00311310845348 1.00311310845348
367 1.00268531030002 1.00268531030002
368 1.00729052529479 1.00729052529479
369 0.993244607633044 0.993244607633044
370 0.989095761656935 0.989095761656935
371 0.989000879729766 0.989000879729766
372 0.995226120319336 0.995226120319336
373 0.999652460546499 0.999652460546499
374 1.00024496315639 1.00024496315639
375 1.02093826590238 1.02093826590238
376 0.9992047539896 0.9992047539896
377 1.00740778770077 1.00740778770077
378 1.00762357653446 1.00762357653446
379 1.00018896777741 1.00018896777741
380 0.997638929310677 0.997638929310677
381 1.01101494257099 1.01101494257099
382 1.00076536306 1.00076536306
383 1.00609267407175 1.00609267407175
384 0.997729754273108 0.997729754273108
385 1.00240719590608 1.00240719590608
386 0.99824920216941 0.99824920216941
387 0.99966412150215 0.99966412150215
388 0.99742702779105 0.99742702779105
389 1.00793559182247 1.00793559182247
390 1.00359249372449 1.00359249372449
391 1.00429199379137 1.00429199379137
392 0.995049456487972 0.995049456487972
393 1.00629185312749 1.00629185312749
394 1.00494268364476 1.00494268364476
395 0.997743727868928 0.997743727868928
396 1.00086339763786 1.00086339763786
397 1.00200297848957 1.00200297848957
398 1.0022366156956 1.0022366156956
399 1.00281153200369 1.00281153200369
400 1.00343112107859 1.00343112107859
401 1.0068262638833 1.0068262638833
402 1.0162922680997 1.0162922680997
403 0.999435584464565 0.999435584464565
404 0.998090784668625 0.998090784668625
405 1.01108784010171 1.01108784010171
406 1.00207773807347 1.00207773807347
407 1.01421899577445 1.01421899577445
408 1.0032066339447 1.0032066339447
409 0.992112276164958 0.992112276164958
410 1.0002962943167 1.0002962943167
411 1.00152181082529 1.00152181082529
412 0.998848092265954 0.998848092265954
413 1.00672077168797 1.00672077168797
414 0.99865231735537 0.99865231735537
415 1.00476242586022 1.00476242586022
416 1.00279984431698 1.00279984431698
417 1.00969874440814 1.00969874440814
418 1.00904111436121 1.00904111436121
419 1.0059825519384 1.0059825519384
420 1.01693209249803 1.01693209249803
421 1.00927124931878 1.00927124931878
422 1.00740778770077 1.00740778770077
423 1.00011664367735 1.00011664367735
424 0.99705220546871 0.99705220546871
425 0.997436341448415 0.997436341448415
426 0.996354051220619 0.996354051220619
427 1.00409076343681 1.00409076343681
428 0.996798501500139 0.996798501500139
429 0.997396758856994 0.997396758856994
430 1.02098800178763 1.02098800178763
431 1.00279049424378 1.00279049424378
432 1.01976407226646 1.01976407226646
433 1.01255365903544 1.01255365903544
434 1.00635044081372 1.00635044081372
435 1.00337967289062 1.00337967289062
436 1.00388722307757 1.00388722307757
437 1.00012364318482 1.00012364318482
438 0.99955451230726 0.99955451230726
439 1.00100112472287 1.00100112472287
440 1.01170174247673 1.01170174247673
441 1.01159117291575 1.01159117291575
442 1.01080802859054 1.01080802859054
443 0.997638929326484 0.997638929326484
444 1.00372581584594 1.00372581584594
445 1.00242121712059 1.00242121712059
446 1.02497498460238 1.02497498460238
447 1.02735218408137 1.02735218408137
448 0.994810066854893 0.994810066854893
449 1.00104548041736 1.00104548041736
450 1.00465709129909 1.00465709129909
451 1.00557728483555 1.00557728483555
452 1.0105306241555 1.0105306241555
453 1.00276478186779 1.00276478186779
454 1.00952726070336 1.00952726070336
455 1.00775728880878 1.00775728880878
456 0.999363300372719 0.999363300372719
457 1.00090308043946 1.00090308043946
458 0.995930677667305 0.995930677667305
459 1.00962826909764 1.00962826909764
460 1.00573188142605 1.00573188142605
461 0.999717763256454 0.999717763256454
462 0.992495029233732 0.992495029233732
463 1.00267829831638 1.00267829831638
464 0.983154110311818 0.983154110311818
465 0.994247782043077 0.994247782043077
466 1.00177638827605 1.00177638827605
467 0.998936666274509 0.998936666274509
468 1.00380534756239 1.00380534756239
469 1.0026198665554 1.0026198665554
470 1.00130230473431 1.00130230473431
471 1.00169230252696 1.00169230252696
472 0.999503208856171 0.999503208856171
473 1.00000233279437 1.00000233279437
474 1.01736431768281 1.01736431768281
475 1.00580215822869 1.00580215822869
476 1.0064113744038 1.0064113744038
477 1.00317156117118 1.00317156117118
478 1.0208506406838 1.0208506406838
479 1.00419137493249 1.00419137493249
480 0.993771646958704 0.993771646958704
481 0.994038726818394 0.994038726818394
482 0.998316768203739 0.998316768203739
483 0.997718109721895 0.997718109721895
484 1.0059778660738 1.0059778660738
485 1.00220624062636 1.00220624062636
486 1.00731632218409 1.00731632218409
487 0.998929673376029 0.998929673376029
488 1.00439027976454 1.00439027976454
489 1.01081273079089 1.01081273079089
490 1.01959843909929 1.01959843909929
491 0.99225144670905 0.99225144670905
492 0.997012633669634 0.997012633669634
493 1.00655200097071 1.00655200097071
494 1.00721548256213 1.00721548256213
495 0.996023715601017 0.996023715601017
496 1.00562413043901 1.00562413043901
497 0.990862695792239 0.990862695792239
498 0.985416407946069 0.985416407946069
499 0.985139472190456 0.985139472190456
500 1.00326976724672 1.00326976724672
501 0.997694820896096 0.997694820896096
502 1.00567800484309 1.00567800484309
503 0.993941178506071 0.993941178506071
504 0.99504248337712 0.99504248337712
505 0.995949284701535 0.995949284701535
506 1.00520023564546 1.00520023564546
507 1.00679578753903 1.00679578753903
508 1.00100112469117 1.00100112469117
509 1.0109185356038 1.0109185356038
510 1.00991489102911 1.00991489102911
511 1.00366266168124 1.00366266168124
512 1.00685908532031 1.00685908532031
513 1.00300556203534 1.00300556203534
514 1.00574125140556 1.00574125140556
515 0.997233783495069 0.997233783495069
516 1.00925950692284 1.00925950692284
517 0.99907886280515 0.99907886280515
518 1.00464772861687 1.00464772861687
519 0.993335141804532 0.993335141804532
520 1.00611376216072 1.00611376216072
521 1.01243831382911 1.01243831382911
522 1.00168763114667 1.00168763114667
523 1.0167101275034 1.0167101275034
524 1.00569205938293 1.00569205938293
525 0.998971631265307 0.998971631265307
526 1.00377259883489 1.00377259883489
527 1.00718030769785 1.00718030769785
528 1.00258714586122 1.00258714586122
529 0.998423948560475 0.998423948560475
530 1.00917731204904 1.00917731204904
531 1.00568737452041 1.00568737452041
532 1.00039196200026 1.00039196200026
533 1.00393167182848 1.00393167182848
534 0.998785161566817 0.998785161566817
535 1.00001399671871 1.00001399671871
536 1.01926723182923 1.01926723182923
537 1.00848237459279 1.00848237459279
538 1.00778778625217 1.00778778625217
539 0.996728683019715 0.996728683019715
540 1.00535478994561 1.00535478994561
541 0.997142991365277 0.997142991365277
542 1.00698334497527 1.00698334497527
543 1.00986320072686 1.00986320072686
544 1.00740778770077 1.00740778770077
545 1.00246561863138 1.00246561863138
546 1.00379599056758 1.00379599056758
547 1.00242121712059 1.00242121712059
548 0.996672830865304 0.996672830865304
549 1.00625904515453 1.00625904515453
550 1.00341475094261 1.00341475094261
551 0.999242057296794 0.999242057296794
552 0.999412266486886 0.999412266486886
553 1.00020763261866 1.00020763261866
554 1.00629185312749 1.00629185312749
555 1.00584432607102 1.00584432607102
556 1.00642074913217 1.00642074913217
557 0.994872815553967 0.994872815553967
558 1.02318050068121 1.02318050068121
559 0.99210995676607 0.99210995676607
560 1.00432943524069 1.00432943524069
561 1.00391295637769 1.00391295637769
562 1.02402048797408 1.02402048797408
563 1.00211745576005 1.00211745576005
564 1.00217586623124 1.00217586623124
565 1.00927359781392 1.00927359781392
566 1.01230650230488 1.01230650230488
567 1.00350361946366 1.00350361946366
568 1.00649340481066 1.00649340481066
569 0.992557671775994 0.992557671775994
570 0.989695290253909 0.989695290253909
571 1.00665279210179 1.00665279210179
572 1.00342410525386 1.00342410525386
573 1.0009894524265 1.0009894524265
574 1.00510657480855 1.00510657480855
575 1.00796374690534 1.00796374690534
576 1.01647875476669 1.01647875476669
577 1.01967415466701 1.01967415466701
578 1.00434581620047 1.00434581620047
579 0.997152303102684 0.997152303102684
580 0.994440605776338 0.994440605776338
581 1.00998773066954 1.00998773066954
582 1.00551170366241 1.00551170366241
583 0.994303535499751 0.994303535499751
584 1.01603028479396 1.01603028479396
585 0.996563460109545 0.996563460109545
586 1.00460091617518 1.00460091617518
587 0.997811268976997 0.997811268976997
588 1.01467159660537 1.01467159660537
589 0.999706101833782 0.999706101833782
590 1.01517151478977 1.01517151478977
591 1.00783236083865 1.00783236083865
592 1.00560304971469 1.00560304971469
593 1.00391529579316 1.00391529579316
594 1.00239083796658 1.00239083796658
595 0.997224471204631 0.997224471204631
596 1.00465240995003 1.00465240995003
597 1.02605135573421 1.02605135573421
598 1.00092408927509 1.00092408927509
599 1.00507379503384 1.00507379503384
600 0.99834239747388 0.99834239747388
601 1.00674421370917 1.00674421370917
602 0.998083796111892 0.998083796111892
603 0.999608149803125 0.999608149803125
604 1.00914913211678 1.00914913211678
605 1.0072365879122 1.0072365879122
606 0.99749921043928 0.99749921043928
607 1.02243822075841 1.02243822075841
608 1.00752506004414 1.00752506004414
609 1.00086339766163 1.00086339766163
610 1.00391763523245 1.00391763523245
611 1.00008398245795 1.00008398245795
612 1.00620749152777 1.00620749152777
613 1.00383575785908 1.00383575785908
614 1.00736088157588 1.00736088157588
615 0.999626806861997 0.999626806861997
616 0.999137144324831 0.999137144324831
617 1.00598958072338 1.00598958072338
618 1.0052306768165 1.0052306768165
619 1.01388671100696 1.01388671100696
620 1.00579278777202 1.00579278777202
621 1.00428029354499 1.00428029354499
622 1.00418669519616 1.00418669519616
623 1.02235761343669 1.02235761343669
624 1.02256388253297 1.02256388253297
625 1.00459857557614 1.00459857557614
626 1.00463602535945 1.00463602535945
627 1.00158253142034 1.00158253142034
628 1.00131864971814 1.00131864971814
629 1.01469281588376 1.01469281588376
630 0.994117699419997 0.994117699419997
631 1.01307165439477 1.01307165439477
632 1.00578576002098 1.00578576002098
633 1.00357846056664 1.00357846056664
634 1.00096143922738 1.00096143922738
635 0.987811944125271 0.987811944125271
636 0.99398066146916 0.99398066146916
637 1.02967384579771 1.02967384579771
638 1.00785347560946 1.00785347560946
639 1.00081437946954 1.00081437946954
640 1.00679813184382 1.00679813184382
641 0.999876368509417 0.999876368509417
642 1.00576467678376 1.00576467678376
643 1.00782063054052 1.00782063054052
644 1.0051627705476 1.0051627705476
645 1.00086339770125 1.00086339770125
646 1.0080529088872 1.0080529088872
647 1.00740309699751 1.00740309699751
648 1.00647465466964 1.00647465466964
649 1.00813738338482 1.00813738338482
650 1.0227796679083 1.0227796679083
651 0.998808468894778 0.998808468894778
652 0.999507872774611 0.999507872774611
653 1.00563115741073 1.00563115741073
654 1.00186515136754 1.00186515136754
655 1.0013349949001 1.0013349949001
656 0.999638467493119 0.999638467493119
657 1.00339604251856 1.00339604251856
658 0.998892378550349 0.998892378550349
659 0.991639202248014 0.991639202248014
660 1.00293308975542 1.00293308975542
661 1.01128303625821 1.01128303625821
662 1.00273906999167 1.00273906999167
663 0.9922305702381 0.9922305702381
664 1.00678406603897 1.00678406603897
665 1.0049122488563 1.0049122488563
666 1.00886501666853 1.00886501666853
667 1.00445346737395 1.00445346737395
668 1.01379010412174 1.01379010412174
669 1.0017296732839 1.0017296732839
670 0.990969294424324 0.990969294424324
671 0.999925353248369 0.999925353248369
672 0.998135046539903 0.998135046539903
673 1.00149145150277 1.00149145150277
674 1.00055531248486 1.00055531248486
675 1.00814442315534 1.00814442315534
676 1.01097496813155 1.01097496813155
677 0.996828757280712 0.996828757280712
678 0.999946347233835 0.999946347233835
679 1.02296939693846 1.02296939693846
680 0.99989502915425 0.99989502915425
681 1.01330952597467 1.01330952597467
682 1.00341708951645 1.00341708951645
683 1.00510657480855 1.00510657480855
684 0.985642613977926 0.985642613977926
685 1.00586541052504 1.00586541052504
686 1.00051330622114 1.00051330622114
687 1.02243584984704 1.02243584984704
688 1.00650981148243 1.00650981148243
689 1.00230905127527 1.00230905127527
690 0.997718109706088 0.997718109706088
691 1.00744765916821 1.00744765916821
692 1.00668795353794 1.00668795353794
693 1.01093969762505 1.01093969762505
694 1.00886032091406 1.00886032091406
695 1.00367435665432 1.00367435665432
696 0.993154079455618 0.993154079455618
697 1.00731632215224 1.00731632215224
698 1.01406816162179 1.01406816162179
699 1.0125489508595 1.0125489508595
700 1.01108548852648 1.01108548852648
701 1.004799880149 1.004799880149
702 1.00568503209313 1.00568503209313
703 1.01524698977375 1.01524698977375
704 1.00312713688827 1.00312713688827
705 1.00481392567417 1.00481392567417
706 1.01272080906241 1.01272080906241
707 0.993927243613822 0.993927243613822
708 0.99489373226017 0.99489373226017
709 1.0022763379741 1.0022763379741
710 1.00222259633709 1.00222259633709
711 1.00410948128607 1.00410948128607
712 0.996812465693799 0.996812465693799
713 1.00484435834072 1.00484435834072
714 0.999799396033232 0.999799396033232
715 0.995279588905401 0.995279588905401
716 1.01268784832922 1.01268784832922
717 1.00433645562366 1.00433645562366
718 1.00991489102911 1.00991489102911
719 1.01809208189002 1.01809208189002
720 1.00504804001265 1.00504804001265
721 1.0104389518713 1.0104389518713
722 1.00777136439871 1.00777136439871
723 1.00628013589257 1.00628013589257
724 1.00708182281795 1.00708182281795
725 1.00994778596893 1.00994778596893
726 1.00882510417045 1.00882510417045
727 1.00121824785401 1.00121824785401
728 1.00458921329915 1.00458921329915
729 1.00447453047713 1.00447453047713
730 1.01324593248261 1.01324593248261
731 1.00297283213709 1.00297283213709
732 0.996612326814833 0.996612326814833
733 1.00453538138836 1.00453538138836
734 0.997350192458684 0.997350192458684
735 1.00245393388008 1.00245393388008
736 1.00444644632367 1.00444644632367
737 1.00479753916059 1.00479753916059
738 1.00562413043901 1.00562413043901
739 0.997676190151597 0.997676190151597
740 1.00208941962844 1.00208941962844
741 0.999741086410514 0.999741086410514
742 1.00331653450856 1.00331653450856
743 1.02315440747453 1.02315440747453
744 1.00247730356513 1.00247730356513
745 1.00337031883339 1.00337031883339
746 1.00060665521645 1.00060665521645
747 1.00069534263953 1.00069534263953
748 1.00928299197786 1.00928299197786
749 0.996093498195306 0.996093498195306
750 1.00876171625593 1.00876171625593
751 0.999447243591901 0.999447243591901
752 1.00759777391183 1.00759777391183
753 1.00141205340062 1.00141205340062
754 1.00792855307963 1.00792855307963
755 0.998496183556613 0.998496183556613
756 1.00330016578554 1.00330016578554
757 1.00725769360463 1.00725769360463
758 1.00871476413961 1.00871476413961
759 0.998100102854953 0.998100102854953
760 1.00249366254378 1.00249366254378
761 1.0006813389753 1.0006813389753
762 0.996335438660522 0.996335438660522
763 1.00569674426135 1.00569674426135
764 1.00507379503384 1.00507379503384
765 1.00602706827653 1.00602706827653
766 1.01101259110754 1.01101259110754
767 0.997981300908505 0.997981300908505
768 1.00263389014979 1.00263389014979
769 0.998214255566986 0.998214255566986
770 1.00607627225306 1.00607627225306
771 1.02757822819232 1.02757822819232
772 0.997177910700512 0.997177910700512
773 1.00528219409241 1.00528219409241
774 1.00553980952166 1.00553980952166
775 1.00402057369021 1.00402057369021
776 1.00983970576589 1.00983970576589
777 1.0050480400206 1.0050480400206
778 1.01143121556515 1.01143121556515
779 1.00076069491314 1.00076069491314
780 1.02050966535983 1.02050966535983
781 1.0027133585916 1.0027133585916
782 1.0027133585916 1.0027133585916
783 1.00035462747117 1.00035462747117
784 1.00888849495464 1.00888849495464
785 1.00523770176082 1.00523770176082
786 0.997897446907866 0.997897446907866
787 1.01567161301908 1.01567161301908
788 1.0030733620483 1.0030733620483
789 1.00260116891613 1.00260116891613
790 1.00461964095163 1.00461964095163
791 1.00376090275813 1.00376090275813
792 0.98602124697301 0.98602124697301
793 1.0014143885557 1.0014143885557
794 1.00734681000754 1.00734681000754
795 0.995333059495241 0.995333059495241
796 0.999909024804128 0.999909024804128
797 1.0073233577493 1.0073233577493
798 1.00580918611493 1.00580918611493
799 1.00345684584337 1.00345684584337
800 1.00178339569136 1.00178339569136
801 1.00799424904837 1.00799424904837
802 0.992921983367823 0.992921983367823
803 1.02011669988225 1.02011669988225
804 0.997727425441903 0.997727425441903
805 0.994415049255614 0.994415049255614
806 0.995816714754292 0.995816714754292
807 1.02403947658341 1.02403947658341
808 1.00167828863978 1.00167828863978
809 1.02451190109623 1.02451190109623
810 1.0032393693667 1.0032393693667
811 1.00278815676515 1.00278815676515
812 1.0126195749535 1.0126195749535
813 0.990107474435188 0.990107474435188
814 1.00746876806945 1.00746876806945
815 1.0096000799306 1.0096000799306
816 0.996230747610851 0.996230747610851
817 1.00584901146636 1.00584901146636
818 1.00805290885533 1.00805290885533
819 0.995577191054087 0.995577191054087
820 1.00902702580629 1.00902702580629
821 0.997603998233542 0.997603998233542
822 1.00537586686143 1.00537586686143
823 0.995695784942673 0.995695784942673
824 0.99614467430804 0.99614467430804
825 0.992045015493775 0.992045015493775
826 1.00434815634666 1.00434815634666
827 1.00755086130498 1.00755086130498
828 1.00165493259452 1.00165493259452
829 1.00030329414888 1.00030329414888
830 1.00556323146463 1.00556323146463
831 1.00490522563676 1.00490522563676
832 0.996672830794228 0.996672830794228
833 1.01038019078234 1.01038019078234
834 1.00222025981039 1.00222025981039
835 1.00270167176179 1.00270167176179
836 1.00531029526089 1.00531029526089
837 0.990373839086254 0.990373839086254
838 1.00182777664642 1.00182777664642
839 1.02239080410972 1.02239080410972
840 1.01626158281518 1.01626158281518
841 1.0055304408224 1.0055304408224
842 0.998724564365075 0.998724564365075
843 1.00544144157052 1.00544144157052
844 0.999092850160678 0.999092850160678
845 1.0040580077685 1.0040580077685
846 1.00222726944602 1.00222726944602
847 1.00116921703944 1.00116921703944
848 1.01091148170849 1.01091148170849
849 1.01511962811733 1.01511962811733
850 1.00250301048285 1.00250301048285
851 0.996987029247523 0.996987029247523
852 1.00370242522489 1.00370242522489
853 1.00221091365598 1.00221091365598
854 1.0105118191059 1.0105118191059
855 1.00521896857595 1.00521896857595
856 0.997191878701637 0.997191878701637
857 0.996077215222917 0.996077215222917
858 1.01149943045396 1.01149943045396
859 1.01450185399615 1.01450185399615
860 1.00444176570558 1.00444176570558
861 0.993704304786306 0.993704304786306
862 0.997923068430031 0.997923068430031
863 1.00890258219415 1.00890258219415
864 0.995565564761126 0.995565564761126
865 1.00183244845485 1.00183244845485
866 1.00348490982501 1.00348490982501
867 1.00518852769905 1.00518852769905
868 1.01145003311048 1.01145003311048
869 0.999489217306629 0.999489217306629
870 0.999729424789946 0.999729424789946
871 1.00261519212972 1.00261519212972
872 1.01404930851324 1.01404930851324
873 1.00200765084512 1.00200765084512
874 1.00663872777721 1.00663872777721
875 1.01112076283374 1.01112076283374
876 1.00565223855649 1.00565223855649
877 1.00581387139098 1.00581387139098
878 1.02154468844712 1.02154468844712
879 1.01103140303868 1.01103140303868
880 1.0024188802449 1.0024188802449
881 1.00254741461934 1.00254741461934
882 1.02262790328633 1.02262790328633
883 1.00372815497554 1.00372815497554
884 0.991898908826927 0.991898908826927
885 1.00071401439517 1.00071401439517
886 1.00401355494349 1.00401355494349
887 1.00594740845099 1.00594740845099
888 1.01816062476526 1.01816062476526
889 1.00298685912751 1.00298685912751
890 1.00206138408367 1.00206138408367
891 0.995600443963528 0.995600443963528
892 1.00346152326097 1.00346152326097
893 1.0047296542714 1.0047296542714
894 0.991476910692732 0.991476910692732
895 1.00263155275844 1.00263155275844
896 1.03119751509842 1.03119751509842
897 0.999780736686713 0.999780736686713
898 1.00233241840619 1.00233241840619
899 1.00518384456976 1.00518384456976
900 0.998675622421126 0.998675622421126
901 0.996633270195058 0.996633270195058
902 1.03219511454285 1.03219511454285
903 1.00049697080042 1.00049697080042
904 0.997184894681324 0.997184894681324
905 1.00468752045331 1.00468752045331
906 1.0056194458071 1.0056194458071
907 1.01322002487694 1.01322002487694
908 1.01031438132134 1.01031438132134
909 1.00786755230653 1.00786755230653
910 1.00764468810347 1.00764468810347
911 0.997801952751133 0.997801952751133
912 0.997657559580974 0.997657559580974
913 0.998768846670594 0.998768846670594
914 0.996107455250939 0.996107455250939
915 0.99271545084836 0.99271545084836
916 0.994847250864331 0.994847250864331
917 1.01021097279046 1.01021097279046
918 1.01286678754844 1.01286678754844
919 1.00498716646182 1.00498716646182
920 1.00640200000961 1.00640200000961
921 1.00316220854269 1.00316220854269
922 1.00869363619778 1.00869363619778
923 0.992708489605407 0.992708489605407
924 1.00237448024124 1.00237448024124
925 0.998165331803716 0.998165331803716
926 1.00321364861845 1.00321364861845
927 0.995384207269021 0.995384207269021
928 1.01512670355664 1.01512670355664
929 0.99636568421477 0.99636568421477
930 1.0090716402691 1.0090716402691
931 1.00592866562888 1.00592866562888
932 1.01889353543176 1.01889353543176
933 1.00343345963656 1.00343345963656
934 1.00924071899366 1.00924071899366
935 0.994319797425837 0.994319797425837
936 1.00722251767351 1.00722251767351
937 1.00524941016035 1.00524941016035
938 1.00269699705049 1.00269699705049
939 1.00549765095144 1.00549765095144
940 1.00378897293263 1.00378897293263
941 1.00766580001494 1.00766580001494
942 1.01584857765487 1.01584857765487
943 1.01527293524875 1.01527293524875
944 1.007372607916 1.007372607916
945 1.00556088926 1.00556088926
946 0.994875139522024 0.994875139522024
947 0.997336222877376 0.997336222877376
948 1.00952491175366 1.00952491175366
949 0.991878037730791 0.991878037730791
950 0.994668312137006 0.994668312137006
951 1.00409310314613 1.00409310314613
952 1.00735384573995 1.00735384573995
953 1.00403461136632 1.00403461136632
954 0.997371147126951 0.997371147126951
955 0.995142434604268 0.995142434604268
956 1.00704899609558 1.00704899609558
957 0.999272366985615 0.999272366985615
958 1.00283724524454 1.00283724524454
959 1.00271803333463 1.00271803333463
960 1.00031262733766 1.00031262733766
961 0.998577743769239 0.998577743769239
962 1.01812517112954 1.01812517112954
963 1.0047694484599 1.0047694484599
964 1.00650043634031 1.00650043634031
965 1.00579513038221 1.00579513038221
966 1.0041890350961 1.0041890350961
967 1.01123129483921 1.01123129483921
968 1.0053266878629 1.0053266878629
969 1.00303127886294 1.00303127886294
970 1.00512764794044 1.00512764794044
971 1.00598958072338 1.00598958072338
972 1.00595912317215 1.00595912317215
973 1.02191672656802 1.02191672656802
974 1.01978536947859 1.01978536947859
975 1.00378663373157 1.00378663373157
976 0.996440137668638 0.996440137668638
977 1.00589352353336 1.00589352353336
978 0.996612326814833 0.996612326814833
979 1.00242121716819 1.00242121716819
980 1.00408842371161 1.00408842371161
981 1.00418201541216 1.00418201541216
982 0.996240053164558 0.996240053164558
983 0.99550975992313 0.99550975992313
984 1.00260350610914 1.00260350610914
985 1.0017320090018 1.0017320090018
986 1.00197961694183 1.00197961694183
987 1.00700210223921 1.00700210223921
988 1.01778249926769 1.01778249926769
989 1.01253011837959 1.01253011837959
990 1.00306868609914 1.00306868609914
991 0.949527983793817 0.949527983793817
992 0.940241533747027 0.940241533747027
993 1.03448415408882 1.03448415408882
994 0.996812465654308 0.996812465654308
995 1.00431305448746 1.00431305448746
996 1.0007863698912 1.0007863698912
997 1.00577404704956 1.00577404704956
998 0.995798109480084 0.995798109480084
999 1.00329548904269 1.00329548904269
1000 0.998959976165529 0.998959976165529
1001 1.00693645322834 1.00693645322834
1002 1.02379264488724 1.02379264488724
1003 1.00074902463709 1.00074902463709
1004 1.01856485998287 1.01856485998287
1005 1.0086396440565 1.0086396440565
1006 1.00769864140414 1.00769864140414
1007 1.00088440596643 1.00088440596643
1008 0.999113831427374 0.999113831427374
1009 0.991551098726635 0.991551098726635
1010 1.00578575997327 1.00578575997327
1011 1.00366733963871 1.00366733963871
1012 1.00200998702289 1.00200998702289
1013 1.00540631187222 1.00540631187222
1014 1.00424285343813 1.00424285343813
1015 1.00743358674787 1.00743358674787
1016 1.00094042970243 1.00094042970243
1017 1.00733508382666 1.00733508382666
1018 1.0046126191545 1.0046126191545
1019 1.00017030309453 1.00017030309453
1020 1.00468283907247 1.00468283907247
1021 1.0060481554746 1.0060481554746
1022 0.964454081600236 0.964454081600236
1023 1.00319494291701 1.00319494291701
1024 1.00712168489845 1.00712168489845
1025 1.00205203900781 1.00205203900781
1026 1.00461261912272 1.00461261912272
1027 0.996917201091488 0.996917201091488
1028 0.997587697371375 0.997587697371375
1029 1.007602465284 1.007602465284
1030 1.00778309427469 1.00778309427469
1031 0.999179108583096 0.999179108583096
1032 0.998211925866232 0.998211925866232
1033 1.0046804983304 1.0046804983304
1034 1.00239551164658 1.00239551164658
1035 1.0023838274902 1.0023838274902
1036 0.995800435120616 0.995800435120616
1037 1.00508550200256 1.00508550200256
1038 0.996686793637368 0.996686793637368
1039 1.00015397177614 1.00015397177614
1040 1.00255676304231 1.00255676304231
1041 0.996782210205457 0.996782210205457
1042 1.00239784848262 1.00239784848262
1043 1.01020392247106 1.01020392247106
1044 1.00122291753804 1.00122291753804
1045 1.00485138129801 1.00485138129801
1046 1.01088561771046 1.01088561771046
1047 0.996244705961149 0.996244705961149
1048 0.996677485067377 0.996677485067377
1049 1.00889553855845 1.00889553855845
1050 0.996026041580931 0.996026041580931
1051 1.00338434988748 1.00338434988748
1052 1.01113016953394 1.01113016953394
1053 1.01085740294359 1.01085740294359
1054 1.00710527096807 1.00710527096807
1055 1.00516979517396 1.00516979517396
1056 1.00765172537278 1.00765172537278
1057 0.99547720813657 0.99547720813657
1058 0.998922680517104 0.998922680517104
1059 1.0082476773297 1.0082476773297
1060 1.00120657368751 1.00120657368751
1061 1.00077936759565 1.00077936759565
1062 1.01089502274984 1.01089502274984
1063 1.0077924782615 1.0077924782615
1064 0.987793447513655 0.987793447513655
1065 1.00702320420592 1.00702320420592
1066 1.0055936806099 1.0055936806099
1067 1.00688252968144 1.00688252968144
1068 0.994194353744535 0.994194353744535
1069 1.00380768670787 1.00380768670787
1070 1.00564755382916 1.00564755382916
1071 1.00409310313818 1.00409310313818
1072 0.999946347233835 0.999946347233835
1073 1.02551900678632 1.02551900678632
1074 1.01249480817524 1.01249480817524
1075 1.01281498697178 1.01281498697178
1076 1.00864668638496 1.00864668638496
1077 1.0104060453531 1.0104060453531
1078 0.999449575436362 0.999449575436362
1079 0.998815461176224 0.998815461176224
1080 0.997119712361467 0.997119712361467
1081 1.00283490765483 1.00283490765483
1082 0.993165685299188 0.993165685299188
1083 0.996779882891185 0.996779882891185
1084 1.01671248857726 1.01671248857726
1085 0.99563764939825 0.99563764939825
1086 0.995516735376976 0.995516735376976
1087 1.00421009417173 1.00421009417173
1088 1.00377727695909 1.00377727695909
1089 0.999293351045471 0.999293351045471
1090 1.00625670175687 1.00625670175687
1091 1.00341942809824 1.00341942809824
1092 1.00826410496677 1.00826410496677
1093 1.00536884117777 1.00536884117777
1094 1.00061599047243 1.00061599047243
1095 1.00339604254237 1.00339604254237
1096 0.996412217146735 0.996412217146735
1097 0.996886943344201 0.996886943344201
1098 0.990318245613606 0.990318245613606
1099 0.999414598283862 0.999414598283862
1100 1.00145175186911 1.00145175186911
1101 0.998670961382664 0.998670961382664
1102 1.00052497450099 1.00052497450099
1103 1.00379599058346 1.00379599058346
1104 0.993929566084042 0.993929566084042
1105 1.00726941913262 1.00726941913262
1106 0.999505540740203 0.999505540740203
1107 0.99192905654281 0.99192905654281
1108 1.00505506405876 1.00505506405876
1109 1.00102446960879 1.00102446960879
1110 1.02307613077996 1.02307613077996
1111 1.00017963538054 1.00017963538054
1112 1.00315753229988 1.00315753229988
1113 1.01905908471397 1.01905908471397
1114 1.00468986118743 1.00468986118743
1115 1.00143774051066 1.00143774051066
1116 1.01252776433559 1.01252776433559
1117 1.02081275039298 1.02081275039298
1118 1.00815615622571 1.00815615622571
1119 1.00718968763937 1.00718968763937
1120 1.00060665524814 1.00060665524814
1121 1.0067278042999 1.0067278042999
1122 0.993360678159179 0.993360678159179
1123 1.00157318964277 1.00157318964277
1124 0.996407563813271 0.996407563813271
1125 0.995398157016895 0.995398157016895
1126 1.00179273890385 1.00179273890385
1127 0.996605345724944 0.996605345724944
1128 1.00443474476652 1.00443474476652
1129 0.990899772751754 0.990899772751754
1130 1.00162924144972 1.00162924144972
1131 0.999605817626244 0.999605817626244
1132 1.01113957617026 1.01113957617026
1133 1.01419542686557 1.01419542686557
1134 1.00245860776632 1.00245860776632
1135 0.998943659212543 0.998943659212543
1136 0.996451771389193 0.996451771389193
1137 0.999298014172521 0.999298014172521
1138 1.02488235562922 1.02488235562922
1139 1.00615593952391 1.00615593952391
1140 1.00384277570048 1.00384277570048
1141 1.00492863673679 1.00492863673679
1142 1.00661294356016 1.00661294356016
1143 1.00338902693198 1.00338902693198
1144 1.00873354479005 1.00873354479005
1145 0.996144674355405 0.996144674355405
1146 1.00258247156247 1.00258247156247
1147 0.999360968346249 0.999360968346249
1148 1.00526111861553 1.00526111861553
1149 1.00932526611831 1.00932526611831
1150 1.00256611152874 1.00256611152874
1151 1.00606924299879 1.00606924299879
1152 1.01825753600373 1.01825753600373
1153 1.01621201616384 1.01621201616384
1154 1.00348724851794 1.00348724851794
1155 1.00416095677339 1.00416095677339
1156 1.00331419610935 1.00331419610935
1157 0.992084443740306 0.992084443740306
1158 1.00878988829571 1.00878988829571
1159 0.999062544420179 0.999062544420179
1160 1.01113252113313 1.01113252113313
1161 0.991947609310202 0.991947609310202
1162 0.999421593627308 0.999421593627308
1163 1.00374218962607 1.00374218962607
1164 1.00661763155694 1.00661763155694
1165 1.00268297296421 1.00268297296421
1166 1.00097778013805 1.00097778013805
1167 1.00405566811478 1.00405566811478
1168 1.00779951629541 1.00779951629541
1169 1.0000396577418 1.0000396577418
1170 0.994963457350833 0.994963457350833
1171 1.0013443350924 1.0013443350924
1172 1.02570197895753 1.02570197895753
1173 1.00956014645376 1.00956014645376
1174 1.00858330667216 1.00858330667216
1175 0.999682779336729 0.999682779336729
1176 1.01978773574707 1.01978773574707
1177 1.00695989890281 1.00695989890281
1178 0.993780935838796 0.993780935838796
1179 1.00301491353687 1.00301491353687
1180 1.00694114239507 1.00694114239507
1181 1.00547188813167 1.00547188813167
1182 1.00098945235518 1.00098945235518
1183 1.00388488367799 1.00388488367799
1184 1.00469454266362 1.00469454266362
1185 1.00773382950285 1.00773382950285
1186 1.00605049851428 1.00605049851428
1187 1.00307570005066 1.00307570005066
1188 0.995656252518053 0.995656252518053
1189 1.00252170678935 1.00252170678935
1190 1.00583964069953 1.00583964069953
1191 1.00919140232613 1.00919140232613
1192 1.01526585928876 1.01526585928876
1193 1.01134183567724 1.01134183567724
1194 0.994250105041366 0.994250105041366
1195 1.00542270565086 1.00542270565086
1196 1.00688018523339 1.00688018523339
1197 1.00742185989018 1.00742185989018
1198 1.00696224350209 1.00696224350209
1199 1.00663638373505 1.00663638373505
1200 0.994196676719177 0.994196676719177
1201 0.993927243613822 0.993927243613822
1202 0.999948679917361 0.999948679917361
1203 1.00377961634279 1.00377961634279
1204 0.999274698568922 0.999274698568922
1205 1.00800363443713 1.00800363443713
1206 0.996023715553656 0.996023715553656
1207 0.998831776665716 0.998831776665716
1208 1.00448623236002 1.00448623236002
1209 1.00498950772045 1.00498950772045
1210 1.00367201764382 1.00367201764382
1211 1.00234176538546 1.00234176538546
1212 1.00453772193179 1.00453772193179
1213 1.00391763531186 1.00391763531186
1214 0.992307118877617 0.992307118877617
1215 1.00854809696657 1.00854809696657
1216 0.99616561056643 0.99616561056643
1217 1.00806933405442 1.00806933405442
1218 0.994556777787944 0.994556777787944
1219 1.00243757547257 1.00243757547257
1220 1.00933935780681 1.00933935780681
1221 0.995802760769041 0.995802760769041
1222 1.00528453583592 1.00528453583592
1223 0.996931166501522 0.996931166501522
1224 1.01141004613316 1.01141004613316
1225 1.0066598243158 1.0066598243158
1226 1.00125794073491 1.00125794073491
1227 1.00226465482505 1.00226465482505
1228 0.998705919610101 0.998705919610101
1229 1.00032896057244 1.00032896057244
1230 0.999990668941288 0.999990668941288
1231 1.00740544233719 1.00740544233719
1232 0.999528860300745 0.999528860300745
1233 1.00345450720602 1.00345450720602
1234 1.00751098685139 1.00751098685139
1235 1.00706775415555 1.00706775415555
1236 1.00189785467668 1.00189785467668
1237 1.00084472383828 1.00084472383828
1238 1.00138870188952 1.00138870188952
1239 1.0024679555864 1.0024679555864
1240 1.00945444529643 1.00945444529643
1241 1.00473667666447 1.00473667666447
1242 0.998913356763219 0.998913356763219
1243 1.00340071962656 1.00340071962656
1244 1.00256844865829 1.00256844865829
1245 0.996242379554959 0.996242379554959
1246 0.998636004033177 0.998636004033177
1247 0.999713098673137 0.999713098673137
1248 1.0027227081094 1.0027227081094
1249 0.994487073381016 0.994487073381016
1250 0.997853192704772 0.997853192704772
1251 1.00769629556275 1.00769629556275
1252 0.996812465622715 0.996812465622715
1253 0.999274698521444 0.999274698521444
1254 1.00369306888119 1.00369306888119
1255 1.00748987728921 1.00748987728921
1256 1.00566160805887 1.00566160805887
1257 1.00463602535945 1.00463602535945
1258 0.998377347341968 0.998377347341968
1259 0.996328459023518 0.996328459023518
1260 1.00209409227739 1.00209409227739
1261 1.00106882610359 1.00106882610359
1262 1.00049463718247 1.00049463718247
1263 1.01650236246615 1.01650236246615
1264 1.00292607656573 1.00292607656573
1265 1.00235111296756 1.00235111296756
1266 1.00418669595868 1.00418669595868
1267 1.00608330151529 1.00608330151529
