/medpop/srlab/yang/project/g2g/perm/perm1/Mtb-1174.assoc.txt.gz 14 79916495 AX-31469403 C A 32 0.0102828 0.00128535 2.05217 0.395619 7.99883 1.8303 5.26283e-06 3.37111e-09 true 0.0520833 0.00753425 96 1460
/medpop/srlab/yang/project/g2g/perm/perm10/Mtb-1172.assoc.txt.gz 11 67218797 AX-83593142 C T 34 0.0132916 0.000781861 2.06879 0.39883 8.00976 1.81438 4.74826e-06 2.74067e-09 true 0.0675676 0.00995851 74 1205
/medpop/srlab/yang/project/g2g/perm/perm101/Mtb-1029.assoc.txt.gz 6 108042380 AX-15186433 G T 14 0.0334928 0 2.49065 0.620869 5.04107 0.864285 6.46168e-05 5.8794e-08 true 0.15 0.021164 20 189
/medpop/srlab/yang/project/g2g/perm/perm102/Mtb-697.assoc.txt.gz 6 108015525 AX-15186358 G A 21 0.0192661 0.00733945 2.40219 0.470506 7.96253 1.73288 1.74787e-06 1.45952e-09 true 0.1 0.0111111 50 495
/medpop/srlab/yang/project/g2g/perm/perm103/Mtb-1118.assoc.txt.gz 6 166116215 AX-41908555 C T 15 0.0316456 0 2.34454 0.571199 6.06673 1.55302 3.82513e-05 1.12631e-06 true 0.129032 0.0169903 31 206
/medpop/srlab/yang/project/g2g/perm/perm104/Mtb-635.assoc.txt.gz 6 134113037 AX-114321583 G C 11 0.0303867 0 2.99894 0.773403 6.72343 1.6593 3.00711e-06 1.79415e-07 true 0.125 0.00689655 36 145
/medpop/srlab/yang/project/g2g/perm/perm105/Mtb-854.assoc.txt.gz 6 152770645 AX-58619421 G A 32 0.0102828 0.00192802 1.78065 0.415503 6.35228 1.62861 0.000115767 6.43745e-07 true 0.05 0.00813008 80 1476
/medpop/srlab/yang/project/g2g/perm/perm106/Mtb-1005.assoc.txt.gz 6 46947588 AX-11688934 C T 14 0.0141414 0.0121212 2.24058 0.576816 4.75838 1.08366 0.000217734 4.85378e-06 true 0.0697674 0.00884956 43 452
/medpop/srlab/yang/project/g2g/perm/perm107/Mtb-1192.assoc.txt.gz 6 71743943 AX-42023995 C T 22 0.0705128 0.00641026 2.76442 0.678144 5.499 1.18682 4.54763e-05 4.47204e-07 true 0.318182 0.0517241 11 145
/medpop/srlab/yang/project/g2g/perm/perm108/Mtb-780.assoc.txt.gz 6 149120342 AX-11685160 G A 14 0.0232558 0 -2.6494 0.634518 -4.25478 0.670345 0.000136695 2.02859e-07 true 0.0157895 0.15625 285 16
/medpop/srlab/yang/project/g2g/perm/perm109/Mtb-622.assoc.txt.gz 6 45905184 AX-35801963 A G 10 0.0641026 0 2.47124 0.784469 4.3618 1.124 0.000421956 3.8857e-05 true 0.333333 0.0289855 9 69
/medpop/srlab/yang/project/g2g/perm/perm11/Mtb-1160.assoc.txt.gz 6 53591144 AX-35823277 A G 35 0.0112468 0.00257069 2.1258 0.380316 8.83074 1.96009 1.44035e-06 2.83535e-10 true 0.0604396 0.00819113 91 1465
/medpop/srlab/yang/project/g2g/perm/perm110/Mtb-511.assoc.txt.gz 6 11277906 AX-11098192 T C 10 0.0191571 0 2.81471 0.689765 4.89787 0.913464 4.71019e-05 2.98143e-07 true 0.107143 0.00858369 28 233
/medpop/srlab/yang/project/g2g/perm/perm111/Mtb-96.assoc.txt.gz 6 24283741 AX-113301088 T C 17 0.173469 0 4.53855 2.15344 3.2722 0.613052 0.00141023 2.92557e-05 true 1 0.138298 2 47
/medpop/srlab/yang/project/g2g/perm/perm112/Mtb-147.assoc.txt.gz 6 135306443 AX-107798903 G A 10 0.0167785 0 3.14632 0.697384 5.20578 0.699037 6.7242e-06 4.77329e-10 true 0.12 0.00732601 25 273
/medpop/srlab/yang/project/g2g/perm/perm113/Mtb-854.assoc.txt.gz 6 32940815 AX-41959127 C T 33 0.0106041 0.000642674 1.96561 0.42166 6.35553 1.51393 5.74365e-05 2.40003e-07 true 0.05 0.00846883 80 1476
/medpop/srlab/yang/project/g2g/perm/perm114/Mtb-999.assoc.txt.gz 6 112915930 AX-35509043 TTCAT - 10 0.227273 0 2.97077 1.47935 3.07689 0.875722 0.00343667 0.0010091 true 1 0.15 2 20
/medpop/srlab/yang/project/g2g/perm/perm115/Mtb-545.assoc.txt.gz 6 144181619 AX-12629818 A G 13 0.012476 0.00191939 2.12596 0.572941 5.26238 1.45579 0.000199994 1.29194e-05 true 0.0507246 0.00663717 69 452
/medpop/srlab/yang/project/g2g/perm/perm116/Mtb-199.assoc.txt.gz 6 105720483 AX-11302715 T C 17 0.0150442 0.00353982 2.45644 0.528274 6.8546 1.1621 5.38179e-06 2.03615e-10 true 0.105263 0.0085389 38 527
/medpop/srlab/yang/project/g2g/perm/perm117/Mtb-426.assoc.txt.gz 6 74611544 AX-42028545 C T 10 0.178571 0.0357143 -3.29229 1.53734 -3.75849 1.07598 0.00129304 0.000290805 true 0.1 0.833333 25 3
/medpop/srlab/yang/project/g2g/perm/perm118/Mtb-249.assoc.txt.gz 6 114791161 AX-15200574 A G 20 0.0990099 0 -3.87473 1.51164 -4.17561 0.748878 0.000238664 1.39869e-06 true 0.0773196 0.625 97 4
/medpop/srlab/yang/project/g2g/perm/perm119/Mtb-124.assoc.txt.gz 6 30132625 AX-41947087 G A 22 0.0130024 0.00472813 2.43871 0.491476 5.66075 1.15358 4.6865e-05 1.36072e-07 true 0.0833333 0.00932836 42 804
/medpop/srlab/yang/project/g2g/perm/perm12/Mtb-1065.assoc.txt.gz 6 124857779 AX-15224797 C T 12 0.0151515 0 2.84551 0.623817 5.16726 0.745806 1.56274e-05 2.1854e-09 true 0.111111 0.00813008 27 369
/medpop/srlab/yang/project/g2g/perm/perm120/Mtb-895.assoc.txt.gz 6 156913012 AX-11412219 G A 16 0.173913 0 2.76861 0.944319 5.06843 1.57855 0.000228597 5.48179e-05 true 0.5 0.105263 8 38
/medpop/srlab/yang/project/g2g/perm/perm121/Mtb-1150.assoc.txt.gz 6 7679092 AX-11385080 A C 19 0.0575758 0 2.15314 0.552847 7.06774 1.88886 3.11487e-05 2.70995e-07 true 0.25 0.0340136 18 147
/medpop/srlab/yang/project/g2g/perm/perm122/Mtb-1240.assoc.txt.gz 6 98204498 AX-15498800 C T 14 0.0161663 0 2.83061 0.595793 5.21096 0.715051 1.41129e-05 7.16566e-10 true 0.130435 0.0097561 23 410
/medpop/srlab/yang/project/g2g/perm/perm123/Mtb-311.assoc.txt.gz 6 74033060 AX-35878051 C G 19 0.0448113 0 2.79984 0.648069 4.9971 0.855574 4.60425e-05 6.57432e-08 true 0.25 0.0325 12 200
/medpop/srlab/yang/project/g2g/perm/perm124/Mtb-77.assoc.txt.gz 6 139004042 AX-41862337 C T 13 0.0866667 0 -2.61114 0.851911 -4.02317 0.855512 0.000545728 1.3635e-05 true 0.057971 0.416667 69 6
/medpop/srlab/yang/project/g2g/perm/perm125/Mtb-309.assoc.txt.gz 6 165989849 AX-15316516 T C 17 0.0765766 0 3.07623 0.810145 5.97678 0.965521 1.27998e-05 1.18281e-09 true 0.5 0.0480769 7 104
/medpop/srlab/yang/project/g2g/perm/perm126/Mtb-1065.assoc.txt.gz 6 90575924 AX-35922909 G A 24 0.11215 0.00934579 2.68671 0.888162 4.72203 1.06197 0.00032297 4.60123e-06 true 0.6 0.0882353 5 102
/medpop/srlab/yang/project/g2g/perm/perm127/Mtb-356.assoc.txt.gz 6 78328410 AX-11392536 C T 17 0.0352697 0 -2.59593 0.563699 -6.40727 1.32101 8.73372e-06 2.47985e-08 true 0.0207373 0.166667 217 24
/medpop/srlab/yang/project/g2g/perm/perm128/Mtb-44.assoc.txt.gz 6 14714230 AX-15277494 C T 17 0.0105985 0.00374065 2.38623 0.532206 5.05369 0.872738 6.62073e-05 6.3157e-08 true 0.0681818 0.00725594 44 758
/medpop/srlab/yang/project/g2g/perm/perm129/Mtb-904.assoc.txt.gz 6 70981794 AX-42022903 A G 19 0.0719697 0 2.75058 0.721419 4.7101 1.01604 0.000135704 2.97154e-06 true 0.3 0.0532787 10 122
/medpop/srlab/yang/project/g2g/perm/perm13/Mtb-1064.assoc.txt.gz 16 2087562 AX-40011429 G A 36 0.0115681 0 -2.10585 0.361935 -10.117 2.52123 4.99467e-07 1.87095e-10 true 0.00796399 0.0580357 1444 112
/medpop/srlab/yang/project/g2g/perm/perm130/Mtb-10.assoc.txt.gz 6 1240218 AX-15208653 A G 28 0.0124004 0.00088574 2.02874 0.438359 6.26193 1.5545 6.61907e-05 5.10234e-07 true 0.0588235 0.00942507 68 1061
/medpop/srlab/yang/project/g2g/perm/perm131/Mtb-399.assoc.txt.gz 6 23781824 AX-15341101 T C 19 0.38 0 5.29819 2.54367 3.76992 1.12978 0.000359292 0.000389957 true 0.875 0.285714 4 21
/medpop/srlab/yang/project/g2g/perm/perm132/Mtb-259.assoc.txt.gz 6 108290650 AX-11184362 C G 33 0.02 0.00363636 1.93463 0.421483 6.94497 1.83648 3.92361e-05 2.97844e-07 true 0.09 0.0154839 50 775
/medpop/srlab/yang/project/g2g/perm/perm133/Mtb-45.assoc.txt.gz 6 7917833 AX-35891581 A T 14 0.0366492 0.0052356 3.36012 0.793724 5.39558 0.647345 9.15041e-06 1.99898e-11 true 0.375 0.0218579 8 183
/medpop/srlab/yang/project/g2g/perm/perm134/Mtb-1042.assoc.txt.gz 6 77608224 AX-42033177 G A 12 0.0210526 0 2.37754 0.629026 5.31904 1.35372 9.33924e-05 4.83994e-06 true 0.0921053 0.0101215 38 247
/medpop/srlab/yang/project/g2g/perm/perm135/Mtb-957.assoc.txt.gz 6 158685916 AX-15299086 A G 15 0.340909 0 2.98699 1.35855 4.32855 1.73649 0.0014297 0.00102063 true 0.875 0.222222 4 18
/medpop/srlab/yang/project/g2g/perm/perm136/Mtb-605.assoc.txt.gz 6 167198987 AX-15318850 T C 17 0.0904255 0.0106383 2.82432 0.809697 5.43391 1.2988 7.85996e-05 1.86014e-06 true 0.4375 0.0581395 8 86
/medpop/srlab/yang/project/g2g/perm/perm137/Mtb-1240.assoc.txt.gz 6 110797821 AX-35503581 G A 17 0.0544872 0 2.21522 0.627027 4.98528 1.07198 0.000231084 1.47205e-06 true 0.25 0.0381944 12 144
/medpop/srlab/yang/project/g2g/perm/perm138/Mtb-443.assoc.txt.gz 6 91647803 AX-153438331 TAGA - 23 0.0118191 0.0020555 2.11426 0.459577 6.67322 1.31316 2.01912e-05 5.76623e-09 true 0.0666667 0.00821468 60 913
/medpop/srlab/yang/project/g2g/perm/perm139/Mtb-735.assoc.txt.gz 6 161006172 AX-15303919 T G 15 0.0721154 0.00961538 3.04189 0.869543 3.99325 0.784751 0.000256424 6.55164e-06 true 0.357143 0.0515464 7 97
/medpop/srlab/yang/project/g2g/perm/perm14/Mtb-199.assoc.txt.gz 19 50448616 AX-32770863 G A 26 0.0116801 0.00539084 2.21927 0.422057 8.1195 1.70084 2.00745e-06 4.78981e-10 true 0.0625 0.00774443 80 1033
/medpop/srlab/yang/project/g2g/perm/perm140/Mtb-1154.assoc.txt.gz 6 124419444 AX-11304864 T C 10 0.0549451 0.010989 3.11881 0.918124 3.3339 0.547464 0.000477174 6.61142e-06 true 0.333333 0.0352941 6 85
/medpop/srlab/yang/project/g2g/perm/perm141/Mtb-590.assoc.txt.gz 6 77320369 AX-38298679 G C 14 0.0182768 0.00522193 3.01139 0.653959 4.25026 0.640805 8.29092e-05 1.09936e-07 true 0.147059 0.0122951 17 366
/medpop/srlab/yang/project/g2g/perm/perm142/Mtb-1184.assoc.txt.gz 6 29429733 AX-15352173 G A 14 0.0123239 0.00880282 2.59316 0.594675 4.31894 0.631275 0.000108213 5.45336e-08 true 0.0892857 0.00833333 28 540
/medpop/srlab/yang/project/g2g/perm/perm143/Mtb-299.assoc.txt.gz 6 167895015 AX-150631999 A C 16 0.173913 0 3.46071 1.4902 4.11492 1.23377 0.000654984 0.000211699 true 0.6 0.121951 5 41
/medpop/srlab/yang/project/g2g/perm/perm144/Mtb-169.assoc.txt.gz 6 8859655 AX-35916057 A G 12 0.272727 0.0454545 2.9795 1.5449 2.86492 0.912618 0.00489114 0.00270917 true 1 0.2 2 20
/medpop/srlab/yang/project/g2g/perm/perm145/Mtb-106.assoc.txt.gz 6 95352036 AX-11394867 T C 44 0.30137 0 3.62919 1.23531 4.92381 1.65577 0.000408135 0.000129978 true 0.8 0.264706 5 68
/medpop/srlab/yang/project/g2g/perm/perm146/Mtb-116.assoc.txt.gz 6 80407684 AX-15455633 A G 19 0.0164645 0.00866551 2.32046 0.494596 6.49788 1.33458 1.37802e-05 1.85828e-08 true 0.0869565 0.0103578 46 531
/medpop/srlab/yang/project/g2g/perm/perm147/Mtb-792.assoc.txt.gz 6 46529604 AX-35803603 G C 17 0.0263975 0.00310559 -2.35493 0.558225 -5.01262 0.895536 8.70318e-05 1.17773e-07 true 0.0183946 0.130435 299 23
/medpop/srlab/yang/project/g2g/perm/perm148/Mtb-7.assoc.txt.gz 6 6237478 AX-11309742 T C 12 0.0857143 0 3.75369 1.0207 4.75137 0.881425 2.77867e-05 4.17317e-07 true 0.428571 0.047619 7 63
/medpop/srlab/yang/project/g2g/perm/perm149/Mtb-870.assoc.txt.gz 6 27640671 AX-92865272 CT - 13 0.0340314 0 3.16733 0.732113 4.34367 0.572069 4.33568e-05 9.30594e-09 true 0.25 0.0220994 10 181
/medpop/srlab/yang/project/g2g/perm/perm15/Mtb-1192.assoc.txt.gz 19 34431732 AX-32709827 C T 33 0.0106041 0.0128535 2.19442 0.395875 8.26156 1.6108 1.48996e-06 7.54529e-11 true 0.0609756 0.0078019 82 1474
/medpop/srlab/yang/project/g2g/perm/perm150/Mtb-147.assoc.txt.gz 6 160286119 AX-166828476 T C 11 0.0177994 0.0161812 2.54197 0.653656 4.16254 0.743214 0.000212201 1.37646e-06 true 0.104167 0.0105263 24 285
/medpop/srlab/yang/project/g2g/perm/perm151/Mtb-956.assoc.txt.gz 6 56799155 AX-15407791 G C 14 0.132075 0 3.36197 1.39174 3.9171 0.828986 0.000544993 1.69105e-05 true 0.625 0.0918367 4 49
/medpop/srlab/yang/project/g2g/perm/perm152/Mtb-817.assoc.txt.gz 6 23379359 AX-50493333 A G 15 0.163043 0 3.72002 1.21186 4.01551 1.07295 0.000232541 0.000105929 true 0.428571 0.115385 7 39
/medpop/srlab/yang/project/g2g/perm/perm153/Mtb-51.assoc.txt.gz 6 79173537 AX-35893389 G A 32 0.0102828 0.0109254 1.85659 0.421451 6.22654 1.63868 0.000105081 1.14997e-06 true 0.0465116 0.00816327 86 1470
/medpop/srlab/yang/project/g2g/perm/perm154/Mtb-282.assoc.txt.gz 6 32038185 AX-118465683 C T 17 0.0121777 0.00143266 -2.42712 0.524221 -5.81052 1.0683 2.17457e-05 1.89086e-08 true 0.00769231 0.0729167 650 48
/medpop/srlab/yang/project/g2g/perm/perm155/Mtb-304.assoc.txt.gz 6 115505264 AX-153430164 G C 31 0.0123016 0.0047619 2.09191 0.431081 6.20869 1.57913 7.92445e-05 7.78303e-07 true 0.0666667 0.00958333 60 1200
/medpop/srlab/yang/project/g2g/perm/perm156/Mtb-943.assoc.txt.gz 6 31085356 AX-11435545 C T 11 0.0155367 0.00282486 3.17992 0.687824 4.32937 0.571801 3.70728e-05 1.0322e-08 true 0.147059 0.00890208 17 337
/medpop/srlab/yang/project/g2g/perm/perm157/Mtb-1055.assoc.txt.gz 6 45469626 AX-15378300 C A 10 0.102041 0 3.58952 1.51856 4.17061 0.888691 0.000392733 9.68465e-06 true 0.833333 0.0543478 3 46
/medpop/srlab/yang/project/g2g/perm/perm158/Mtb-872.assoc.txt.gz 6 16562804 AX-15318226 C T 14 0.0114379 0 2.48985 0.575054 5.006 0.890686 5.96164e-05 1.13106e-07 true 0.0697674 0.00702988 43 569
/medpop/srlab/yang/project/g2g/perm/perm159/Mtb-90.assoc.txt.gz 6 17440381 AX-15325610 T C 23 0.410714 0 -6.37887 2.76161 -3.89188 1.19726 0.000211255 0.000375318 true 0.326087 0.8 23 5
/medpop/srlab/yang/project/g2g/perm/perm16/Mtb-187.assoc.txt.gz 7 112740707 AX-35981963 C G 16 0.0152091 0.00570342 2.45534 0.531198 7.1347 1.57353 4.42996e-06 1.28743e-08 true 0.0803571 0.00744681 56 470
/medpop/srlab/yang/project/g2g/perm/perm160/Mtb-692.assoc.txt.gz 6 43967345 AX-35795755 C T 18 0.0373444 0.00414938 2.85311 0.64119 6.00877 0.982106 1.24436e-05 1.33385e-09 true 0.291667 0.0240175 12 229
/medpop/srlab/yang/project/g2g/perm/perm161/Mtb-446.assoc.txt.gz 6 68415323 AX-11324690 T G 16 0.021978 0.00824176 2.64802 0.614434 4.25153 0.670034 0.000137916 2.05888e-07 true 0.131579 0.015942 19 345
/medpop/srlab/yang/project/g2g/perm/perm162/Mtb-821.assoc.txt.gz 6 26459997 AX-83274133 G A 13 0.0127953 0.00393701 2.51611 0.586084 4.87944 0.96165 9.82143e-05 6.49849e-07 true 0.0789474 0.00744681 38 470
/medpop/srlab/yang/project/g2g/perm/perm163/Mtb-44.assoc.txt.gz 6 71040110 AX-15433311 G A 20 0.0143885 0.00431655 2.34412 0.501114 5.81001 1.08152 2.82831e-05 2.31357e-08 true 0.0875 0.00992366 40 655
/medpop/srlab/yang/project/g2g/perm/perm164/Mtb-584.assoc.txt.gz 6 69263595 AX-42020147 G T 10 0.0103093 0 2.76196 0.673412 4.20269 0.692723 0.00012922 4.42983e-07 true 0.0833333 0.00549451 30 455
/medpop/srlab/yang/project/g2g/perm/perm165/Mtb-621.assoc.txt.gz 6 80228541 AX-11403534 G A 13 0.0528455 0 2.58923 0.671054 5.22901 1.30819 7.70802e-05 4.83634e-06 true 0.233333 0.0277778 15 108
/medpop/srlab/yang/project/g2g/perm/perm166/Mtb-121.assoc.txt.gz 6 15998406 AX-35640167 T A 19 0.0171171 0.0018018 2.41824 0.513742 5.83979 1.05054 2.1766e-05 1.21511e-08 true 0.102941 0.0115163 34 521
/medpop/srlab/yang/project/g2g/perm/perm167/Mtb-464.assoc.txt.gz 6 135506442 AX-35567219 G A 13 0.0116487 0.00179211 -2.81584 0.59291 -5.23176 0.703733 1.24426e-05 4.4735e-10 true 0.00667939 0.0882353 524 34
/medpop/srlab/yang/project/g2g/perm/perm168/Mtb-642.assoc.txt.gz 6 119150218 AX-12658879 T A 12 0.107143 0 3.04804 1.0592 3.9792 0.841222 0.0004307 1.43452e-05 true 0.5 0.0686275 5 51
/medpop/srlab/yang/project/g2g/perm/perm169/Mtb-308.assoc.txt.gz 6 89019193 AX-15477277 C T 13 0.0112263 0.00172712 -2.34408 0.599041 -4.13879 0.782055 0.000324127 2.86745e-06 true 0.00742115 0.0625 539 40
/medpop/srlab/yang/project/g2g/perm/perm17/Mtb-125.assoc.txt.gz 2 231035099 AX-37961665 C G 33 0.0106041 0.00642674 1.94538 0.393267 7.84078 1.96992 1.09525e-05 2.31772e-08 true 0.0490196 0.00790922 102 1454
/medpop/srlab/yang/project/g2g/perm/perm170/Mtb-702.assoc.txt.gz 6 123157116 AX-35535249 A G 12 0.171429 0 3.68355 1.64193 3.75334 0.967802 0.000675886 0.000136038 true 0.625 0.112903 4 31
/medpop/srlab/yang/project/g2g/perm/perm171/Mtb-1151.assoc.txt.gz 6 36938432 AX-41967877 G A 11 0.025463 0 2.96726 0.70243 4.31873 0.603242 6.08789e-05 2.69075e-08 true 0.192308 0.0147783 13 203
/medpop/srlab/yang/project/g2g/perm/perm172/Mtb-386.assoc.txt.gz 6 26247198 AX-35708413 A G 17 0.0555556 0 -2.47223 0.69769 -3.92562 0.881199 0.000606076 2.89113e-05 true 0.041958 0.25 143 10
/medpop/srlab/yang/project/g2g/perm/perm173/Mtb-977.assoc.txt.gz 6 114752803 AX-11100694 T C 14 0.013834 0 2.33812 0.569518 4.90146 0.981928 0.000120177 7.56129e-07 true 0.0769231 0.00856531 39 467
/medpop/srlab/yang/project/g2g/perm/perm174/Mtb-1032.assoc.txt.gz 6 68746202 AX-35863219 G A 17 0.011612 0.00409836 -2.22708 0.532259 -4.90443 0.997681 0.000152034 9.10178e-07 true 0.00804094 0.0625 684 48
/medpop/srlab/yang/project/g2g/perm/perm175/Mtb-707.assoc.txt.gz 6 103247186 AX-119418983 - CCT 24 0.146341 0 -3.48823 1.50175 -3.88398 0.87428 0.000640893 3.26914e-05 true 0.121795 0.625 78 4
/medpop/srlab/yang/project/g2g/perm/perm176/Mtb-1123.assoc.txt.gz 6 120893483 AX-15214833 G A 10 0.0714286 0 3.86636 1.02278 3.88353 0.686844 5.6678e-05 2.78658e-06 true 0.357143 0.0396825 7 63
/medpop/srlab/yang/project/g2g/perm/perm177/Mtb-797.assoc.txt.gz 6 41654110 AX-35787717 G A 28 0.134615 0 3.12814 1.03132 3.82911 0.852841 0.00055237 3.37847e-05 true 0.5 0.116162 5 99
/medpop/srlab/yang/project/g2g/perm/perm178/Mtb-56.assoc.txt.gz 6 168550452 AX-35667757 C T 27 0.106299 0 3.97916 1.5229 3.90588 0.804311 0.000344296 1.32952e-05 true 0.5 0.0901639 5 122
/medpop/srlab/yang/project/g2g/perm/perm179/Mtb-1142.assoc.txt.gz 6 115120246 AX-15201388 G A 10 0.0103093 0.00412371 2.80307 0.681189 4.26581 0.651407 8.47773e-05 1.25453e-07 true 0.0609756 0.00563063 41 444
/medpop/srlab/yang/project/g2g/perm/perm18/Mtb-1107.assoc.txt.gz 15 22765123 AX-166775089 G A 24 0.0113422 0.00189036 -2.27538 0.442316 -7.36601 1.4722 4.26564e-06 1.27237e-09 true 0.00762195 0.0608108 984 74
/medpop/srlab/yang/project/g2g/perm/perm180/Mtb-904.assoc.txt.gz 6 40476323 AX-41975337 G C 10 0.010101 0.0020202 3.01519 0.675676 5.20378 0.712369 8.76656e-06 7.02719e-10 true 0.0789474 0.00437637 38 457
/medpop/srlab/yang/project/g2g/perm/perm181/Mtb-60.assoc.txt.gz 6 40827040 AX-38284533 G T 17 0.0101553 0.0227001 2.51464 0.542066 5.11257 0.813262 3.90987e-05 1.4344e-08 true 0.0731707 0.00690955 41 796
/medpop/srlab/yang/project/g2g/perm/perm182/Mtb-430.assoc.txt.gz 6 123477901 AX-166827329 G A 13 0.0359116 0 2.73951 0.71076 4.10656 0.748141 0.000205046 2.05709e-06 true 0.227273 0.0235294 11 170
/medpop/srlab/yang/project/g2g/perm/perm183/Mtb-769.assoc.txt.gz 6 28117105 AX-11401886 C T 20 0.0226757 0 -2.58728 0.529054 -5.93142 0.963356 1.12234e-05 1.51114e-09 true 0.0155875 0.145833 417 24
/medpop/srlab/yang/project/g2g/perm/perm184/Mtb-980.assoc.txt.gz 6 55237984 AX-15403585 A G 14 0.0614035 0 3.84034 1.02496 4.30825 0.57431 3.8669e-05 1.30843e-08 true 0.416667 0.0416667 6 108
/medpop/srlab/yang/project/g2g/perm/perm185/Mtb-907.assoc.txt.gz 6 33112640 AX-11435134 G T 18 0.0555556 0.00617284 2.66475 0.676838 5.06323 0.846146 6.53209e-05 3.70561e-08 true 0.333333 0.0392157 9 153
/medpop/srlab/yang/project/g2g/perm/perm186/Mtb-1049.assoc.txt.gz 6 31848280 AX-41954233 G A 10 0.0132626 0 2.94883 0.688641 5.10605 0.779813 1.50358e-05 7.3751e-09 true 0.0833333 0.0058651 36 341
/medpop/srlab/yang/project/g2g/perm/perm187/Mtb-245.assoc.txt.gz 6 145027139 AX-11685849 G T 14 0.0530303 0 -2.83467 0.751296 -4.10103 0.747073 0.000208339 2.08786e-06 true 0.0365854 0.277778 123 9
/medpop/srlab/yang/project/g2g/perm/perm188/Mtb-304.assoc.txt.gz 6 167077831 AX-35661775 T G 40 0.0128535 0.00899743 1.76322 0.41191 6.11558 1.74255 0.00017732 3.60719e-06 true 0.0526316 0.0108108 76 1480
/medpop/srlab/yang/project/g2g/perm/perm189/Mtb-268.assoc.txt.gz 6 26392629 AX-83048308 G A 11 0.0122222 0.00222222 2.79165 0.645344 4.35311 0.592565 6.2693e-05 1.55857e-08 true 0.0892857 0.007109 28 422
/medpop/srlab/yang/project/g2g/perm/perm19/Mtb-280.assoc.txt.gz 16 54753584 AX-144900926 T - 17 0.113333 0 -3.78008 1.41858 -5.07734 0.853474 6.22374e-05 3.88652e-08 true 0.0774648 0.75 71 4
/medpop/srlab/yang/project/g2g/perm/perm190/Mtb-202.assoc.txt.gz 6 32092090 AX-35739061 A C 32 0.0102828 0 1.95216 0.422421 6.35701 1.52224 5.92525e-05 2.57153e-07 true 0.05 0.00813008 80 1476
/medpop/srlab/yang/project/g2g/perm/perm191/Mtb-202.assoc.txt.gz 6 145153215 AX-15270064 T G 35 0.0112468 0.00385604 2.02259 0.403345 7.25148 1.62111 1.37007e-05 1.23122e-08 true 0.05625 0.00880759 80 1476
/medpop/srlab/yang/project/g2g/perm/perm192/Mtb-249.assoc.txt.gz 6 170531753 AX-149757699 C T 14 0.0258303 0.0110701 -2.96703 0.637478 -5.16961 0.730751 1.37326e-05 1.47153e-09 true 0.0156863 0.1875 255 16
/medpop/srlab/yang/project/g2g/perm/perm193/Mtb-928.assoc.txt.gz 6 31405598 AX-15355279 C T 26 0.0252918 0.0389105 -2.16119 0.471363 -6.36622 1.44938 3.38185e-05 1.23665e-07 true 0.0186722 0.125 482 32
/medpop/srlab/yang/project/g2g/perm/perm194/Mtb-1030.assoc.txt.gz 6 120542845 AX-41833035 T C 33 0.0106041 0.00578406 1.98657 0.393021 7.92528 1.90105 7.7661e-06 9.0297e-09 true 0.0515464 0.00788211 97 1459
/medpop/srlab/yang/project/g2g/perm/perm195/Mtb-520.assoc.txt.gz 6 134599826 AX-11147539 G A 13 0.0764706 0 3.5736 1.02079 4.74666 1.12779 8.17693e-05 7.8343e-06 true 0.5 0.0443038 6 79
/medpop/srlab/yang/project/g2g/perm/perm196/Mtb-1199.assoc.txt.gz 6 52357071 AX-11343217 A C 33 0.0106041 0.00128535 1.91892 0.420303 6.32971 1.55061 6.9082e-05 3.71226e-07 true 0.05 0.00846883 80 1476
/medpop/srlab/yang/project/g2g/perm/perm197/Mtb-423.assoc.txt.gz 6 56767537 AX-15407709 G A 12 0.0487805 0 -2.57537 0.669461 -5.18557 1.33895 9.40054e-05 7.41498e-06 true 0.0235849 0.205882 106 17
/medpop/srlab/yang/project/g2g/perm/perm198/Mtb-757.assoc.txt.gz 6 18929441 AX-15328903 G T 11 0.0113402 0 2.94212 0.653909 5.1444 0.746478 1.28407e-05 2.61279e-09 true 0.103448 0.00548246 29 456
/medpop/srlab/yang/project/g2g/perm/perm199/Mtb-806.assoc.txt.gz 6 350902 AX-84858668 C T 14 0.0126126 0.0018018 2.3053 0.556093 5.58844 1.2351 5.73705e-05 4.94303e-07 true 0.0625 0.00701403 56 499
/medpop/srlab/yang/project/g2g/perm/perm2/Mtb-1138.assoc.txt.gz 8 103922371 AX-68483290 T G 40 0.0128535 0.00449871 2.08045 0.372704 8.91647 1.92339 1.27209e-06 1.28254e-10 true 0.0679012 0.00983051 81 1475
/medpop/srlab/yang/project/g2g/perm/perm20/Mtb-1141.assoc.txt.gz 10 96409423 AX-29774405 G C 23 0.0172156 0.00449102 -2.24 0.463356 -7.44616 1.51745 6.47456e-06 1.49675e-09 true 0.0112 0.104651 625 43
/medpop/srlab/yang/project/g2g/perm/perm200/Mtb-43.assoc.txt.gz 6 157883475 AX-148586605 C T 13 0.0955882 0 3.73476 1.00123 3.83605 0.875831 0.000127528 4.15002e-05 true 0.428571 0.057377 7 61
/medpop/srlab/yang/project/g2g/perm/perm21/Mtb-15.assoc.txt.gz 9 115746431 AX-11289653 A G 34 0.0109254 0.00385604 -2.11718 0.393577 -8.04478 1.77672 4.07682e-06 1.5858e-09 true 0.00814664 0.060241 1473 83
/medpop/srlab/yang/project/g2g/perm/perm22/Mtb-115.assoc.txt.gz 19 41350594 AX-40447959 G A 21 0.0147887 0.00704225 2.65404 0.480788 7.66412 1.20563 4.69129e-07 2.95177e-12 true 0.0918367 0.00907716 49 661
/medpop/srlab/yang/project/g2g/perm/perm23/Mtb-1113.assoc.txt.gz 4 96659116 AX-14803130 C T 35 0.0112468 0.00642674 2.12316 0.380319 8.69299 2.05712 2.44723e-06 1.35329e-09 true 0.0597826 0.00819672 92 1464
/medpop/srlab/yang/project/g2g/perm/perm24/Mtb-1125.assoc.txt.gz 3 197476392 AX-34249007 C G 16 0.0879121 0 3.51041 0.841591 6.24694 1.26413 4.24601e-06 2.75861e-08 true 0.4 0.0493827 10 81
/medpop/srlab/yang/project/g2g/perm/perm25/Mtb-1001.assoc.txt.gz 20 54141352 AX-33008549 T C 11 0.144737 0 3.61699 1.09223 5.00385 1.5929 5.05633e-05 7.34912e-05 true 0.5 0.05 8 30
/medpop/srlab/yang/project/g2g/perm/perm26/Mtb-301.assoc.txt.gz 12 127826958 AX-30548649 G C 28 0.0630631 0 -2.22159 0.526083 -6.85522 1.24739 2.26375e-05 8.36122e-10 true 0.0469484 0.444444 213 9
/medpop/srlab/yang/project/g2g/perm/perm27/Mtb-1075.assoc.txt.gz 14 43201156 AX-11332284 C T 28 0.0362694 0.00259067 2.26435 0.447535 8.25132 2.18373 3.51993e-06 2.35418e-08 true 0.152778 0.0242857 36 350
/medpop/srlab/yang/project/g2g/perm/perm28/Mtb-1170.assoc.txt.gz 2 171822576 AX-40764889 C T 24 0.136364 0.0113636 -4.31044 1.78559 -4.80422 0.985242 0.000140979 1.29797e-06 true 0.107143 0.75 84 4
/medpop/srlab/yang/project/g2g/perm/perm29/Mtb-358.assoc.txt.gz 15 87462592 AX-31741845 G A 17 0.0328185 0.00772201 -2.88436 0.585641 -6.50165 1.20379 3.69496e-06 3.10746e-09 true 0.01875 0.210526 240 19
/medpop/srlab/yang/project/g2g/perm/perm3/Mtb-136.assoc.txt.gz 5 145303154 AX-14919757 G T 33 0.0106041 0.00257069 2.15327 0.41178 7.39205 1.48819 5.92583e-06 1.36561e-09 true 0.05625 0.00813008 80 1476
/medpop/srlab/yang/project/g2g/perm/perm30/Mtb-58.assoc.txt.gz 15 36471780 AX-12898710 G A 40 0.0128535 0.000642674 -2.06658 0.362912 -9.64131 2.1596 5.90926e-07 5.35579e-11 true 0.0095498 0.0666667 1466 90
/medpop/srlab/yang/project/g2g/perm/perm31/Mtb-3.assoc.txt.gz 14 97644927 AX-12867186 A G 59 0.0189589 0.00192802 -1.46445 0.292823 -11.8287 4.25348 3.82374e-06 9.72783e-09 true 0.0148995 0.0707965 1443 113
/medpop/srlab/yang/project/g2g/perm/perm32/Mtb-2.assoc.txt.gz 4 107476743 AX-38156045 T C 181 0.058162 0.0289203 -1.13641 0.218571 -17.7055 10.7536 1.62058e-06 6.69355e-08 true 0.0519972 0.144231 1452 104
/medpop/srlab/yang/project/g2g/perm/perm4/Mtb-1231.assoc.txt.gz 2 240373868 AX-153304560 - T 19 0.012533 0.00395778 2.4702 0.481859 8.79496 1.89029 3.64412e-07 1.58573e-10 true 0.0654762 0.00593472 84 674
/medpop/srlab/yang/project/g2g/perm/perm5/Mtb-121.assoc.txt.gz 10 133457381 AX-29509809 C T 38 0.0122108 0.00321337 1.93449 0.372872 8.62576 2.17093 4.55955e-06 4.79041e-09 true 0.0561224 0.00925926 98 1458
/medpop/srlab/yang/project/g2g/perm/perm53/Mtb-1004.assoc.txt.gz 7 146401434 AX-15602059 G A 10 0.0714286 0 4.64374 1.68744 4.00667 0.845314 0.000177431 1.31335e-05 true 0.625 0.0378788 4 66
/medpop/srlab/yang/project/g2g/perm/perm54/Mtb-405.assoc.txt.gz 5 18491833 AX-14992818 C A 35 0.0112468 0.000642674 1.96136 0.389109 7.90447 1.92361 8.9971e-06 1.20366e-08 true 0.0526316 0.00855578 95 1461
/medpop/srlab/yang/project/g2g/perm/perm55/Mtb-1122.assoc.txt.gz 16 65979020 AX-12581537 A G 14 0.0654206 0 -3.53132 0.861776 -4.96968 0.809955 1.89873e-05 3.35113e-08 true 0.040404 0.375 99 8
/medpop/srlab/yang/project/g2g/perm/perm6/Mtb-124.assoc.txt.gz 8 118770422 AX-15836904 A G 35 0.0112468 0.00192802 2.17219 0.373349 9.76502 2.04114 2.60054e-07 8.20166e-12 true 0.0588235 0.00790922 102 1454
/medpop/srlab/yang/project/g2g/perm/perm7/Mtb-1170.assoc.txt.gz 5 94118409 AX-151863220 CAAATAAAAC - 33 0.0106041 0.00449871 -2.18161 0.377027 -9.70251 2.07309 3.03858e-07 1.59822e-11 true 0.00724138 0.0566038 1450 106
/medpop/srlab/yang/project/g2g/perm/perm8/Mtb-249.assoc.txt.gz 13 45548000 AX-39622119 C A 33 0.0106041 0 -2.08409 0.384605 -8.82682 1.98154 1.51382e-06 3.59873e-10 true 0.00755495 0.055 1456 100
/medpop/srlab/yang/project/g2g/perm/perm9/Mtb-1160.assoc.txt.gz 12 117743550 AX-16836124 T C 37 0.0118895 0.00642674 2.04999 0.377432 8.81002 2.00195 1.83428e-06 4.76693e-10 true 0.0604396 0.00887372 91 1465
